seq1	scaffold1492002	100.000	16	0	0	1	16	1421	1406	1.1	32.2
seq1	scaffold1486955	100.000	16	0	0	1	16	1277	1292	1.1	32.2
seq1	scaffold1486220	100.000	16	0	0	1	16	530	515	1.1	32.2
seq1	scaffold1486180	100.000	16	0	0	1	16	15179	15194	1.1	32.2
seq1	scaffold1147179	100.000	16	0	0	1	16	15274	15259	1.1	32.2
seq1	scaffold937327	100.000	16	0	0	1	16	3446	3431	1.1	32.2
seq1	scaffold762984	100.000	16	0	0	1	16	1855	1870	1.1	32.2
seq1	scaffold47187	100.000	16	0	0	1	16	6925	6940	1.1	32.2
seq1	scaffold44573	100.000	16	0	0	1	16	5523	5538	1.1	32.2
seq1	scaffold42610	100.000	16	0	0	1	16	8355	8340	1.1	32.2
seq1	scaffold37587	100.000	16	0	0	1	16	11445	11430	1.1	32.2
seq1	scaffold35030	100.000	16	0	0	1	16	9000	8985	1.1	32.2
seq1	scaffold33836	100.000	16	0	0	1	16	7366404	7366389	1.1	32.2
seq1	scaffold33836	100.000	16	0	0	1	16	7551816	7551801	1.1	32.2
seq1	scaffold33789	100.000	16	0	0	1	16	10855920	10855935	1.1	32.2
seq1	scaffold33789	100.000	16	0	0	1	16	10855924	10855939	1.1	32.2
seq1	scaffold33789	100.000	16	0	0	1	16	13712207	13712192	1.1	32.2
seq1	scaffold33789	100.000	16	0	0	1	16	13729614	13729599	1.1	32.2
seq1	scaffold33789	100.000	15	0	0	1	15	9900260	9900246	4.3	30.2
seq1	scaffold33204	100.000	16	0	0	1	16	10039	10024	1.1	32.2
seq1	scaffold33204	100.000	16	0	0	1	16	22523	22508	1.1	32.2
seq1	scaffold32582	100.000	16	0	0	1	16	4880	4895	1.1	32.2
seq1	scaffold32582	100.000	16	0	0	1	16	6919	6934	1.1	32.2
seq1	scaffold32576	100.000	16	0	0	1	16	3398632	3398647	1.1	32.2
seq1	scaffold32576	100.000	16	0	0	1	16	3754052	3754067	1.1	32.2
seq1	scaffold32576	100.000	16	0	0	1	16	4074122	4074137	1.1	32.2
seq1	scaffold32576	100.000	16	0	0	1	16	4801206	4801191	1.1	32.2
seq1	scaffold32576	100.000	16	0	0	1	16	5174500	5174515	1.1	32.2
seq1	scaffold32454	100.000	16	0	0	1	16	31074	31089	1.1	32.2
seq1	scaffold32401	100.000	16	0	0	1	16	15423	15408	1.1	32.2
seq1	scaffold32401	100.000	16	0	0	1	16	15427	15412	1.1	32.2
seq1	scaffold32401	100.000	16	0	0	1	16	24725	24710	1.1	32.2
seq1	scaffold31993	100.000	16	0	0	1	16	3501	3516	1.1	32.2
seq1	scaffold31993	100.000	16	0	0	1	16	106310	106295	1.1	32.2
seq1	scaffold31270	100.000	16	0	0	1	16	10977	10962	1.1	32.2
seq1	scaffold31132	100.000	16	0	0	1	16	8997	8982	1.1	32.2
seq1	scaffold31132	100.000	15	0	0	2	16	9000	8986	4.3	30.2
seq1	scaffold31024	100.000	16	0	0	1	16	545020	545035	1.1	32.2
seq1	scaffold30323	100.000	16	0	0	1	16	487003	487018	1.1	32.2
seq1	scaffold29023	100.000	16	0	0	1	16	19480	19495	1.1	32.2
seq1	scaffold28812	100.000	16	0	0	1	16	14995	15010	1.1	32.2
seq1	scaffold27687	100.000	16	0	0	1	16	6685	6670	1.1	32.2
seq1	scaffold27042	100.000	16	0	0	1	16	678708	678723	1.1	32.2
seq1	scaffold26995	100.000	16	0	0	1	16	208380	208365	1.1	32.2
seq1	scaffold26151	100.000	16	0	0	1	16	9110	9125	1.1	32.2
seq1	scaffold26151	100.000	16	0	0	1	16	9114	9129	1.1	32.2
seq1	scaffold26151	100.000	16	0	0	1	16	60181	60166	1.1	32.2
seq1	scaffold25735	100.000	16	0	0	1	16	330	315	1.1	32.2
seq1	scaffold25272	100.000	16	0	0	1	16	3309286	3309301	1.1	32.2
seq1	scaffold25272	100.000	16	0	0	1	16	3316705	3316720	1.1	32.2
seq1	scaffold25216	100.000	16	0	0	1	16	2026	2011	1.1	32.2
seq1	scaffold25215	100.000	16	0	0	1	16	2026	2011	1.1	32.2
seq1	scaffold24880	100.000	16	0	0	1	16	22425	22410	1.1	32.2
seq1	scaffold24711	100.000	16	0	0	1	16	740	725	1.1	32.2
seq1	scaffold24558	100.000	16	0	0	1	16	3046	3031	1.1	32.2
seq1	scaffold24558	100.000	16	0	0	1	16	3050	3035	1.1	32.2
seq1	scaffold23957	100.000	16	0	0	1	16	69845	69860	1.1	32.2
seq1	scaffold23957	100.000	16	0	0	1	16	69849	69864	1.1	32.2
seq1	scaffold23865	100.000	16	0	0	1	16	347091	347076	1.1	32.2
seq1	scaffold23865	100.000	16	0	0	1	16	354640	354625	1.1	32.2
seq1	scaffold23537	100.000	16	0	0	1	16	23075	23090	1.1	32.2
seq1	scaffold23537	100.000	16	0	0	1	16	23079	23094	1.1	32.2
seq1	scaffold23421	100.000	16	0	0	1	16	28004	28019	1.1	32.2
seq1	scaffold23160	100.000	16	0	0	1	16	6619	6604	1.1	32.2
seq1	scaffold22803	100.000	16	0	0	1	16	90195	90210	1.1	32.2
seq1	scaffold22386	100.000	16	0	0	1	16	3965523	3965508	1.1	32.2
seq1	scaffold22386	100.000	16	0	0	1	16	5719035	5719050	1.1	32.2
seq1	scaffold22386	100.000	16	0	0	1	16	7251627	7251642	1.1	32.2
seq1	scaffold22386	100.000	16	0	0	1	16	7251631	7251646	1.1	32.2
seq1	scaffold22386	100.000	16	0	0	1	16	7259186	7259201	1.1	32.2
seq1	scaffold22386	100.000	16	0	0	1	16	7259190	7259205	1.1	32.2
seq1	scaffold22386	100.000	16	0	0	1	16	7295025	7295010	1.1	32.2
seq1	scaffold22241	100.000	16	0	0	1	16	7319	7304	1.1	32.2
seq1	scaffold21483	100.000	16	0	0	1	16	3499	3514	1.1	32.2
seq1	scaffold20981	100.000	16	0	0	1	16	413639	413654	1.1	32.2
seq1	scaffold20981	100.000	16	0	0	1	16	413643	413658	1.1	32.2
seq1	scaffold20981	100.000	16	0	0	1	16	531173	531158	1.1	32.2
seq1	scaffold20817	100.000	16	0	0	1	16	241436	241421	1.1	32.2
seq1	scaffold20817	100.000	16	0	0	1	16	253273	253258	1.1	32.2
seq1	scaffold20609	100.000	16	0	0	1	16	182919	182904	1.1	32.2
seq1	scaffold20514	100.000	16	0	0	1	16	40643	40628	1.1	32.2
seq1	scaffold20514	100.000	16	0	0	1	16	1342474	1342489	1.1	32.2
seq1	scaffold20513	100.000	16	0	0	1	16	2642	2657	1.1	32.2
seq1	scaffold19115	100.000	16	0	0	1	16	4533148	4533163	1.1	32.2
seq1	scaffold19066	100.000	16	0	0	1	16	6702	6687	1.1	32.2
seq1	scaffold19065	100.000	16	0	0	1	16	28116	28101	1.1	32.2
seq1	scaffold18782	100.000	16	0	0	1	16	238813	238828	1.1	32.2
seq1	scaffold18692	100.000	16	0	0	1	16	58253	58268	1.1	32.2
seq1	scaffold18692	100.000	16	0	0	1	16	176570	176585	1.1	32.2
seq1	scaffold18258	100.000	16	0	0	1	16	1141102	1141117	1.1	32.2
seq1	scaffold18258	100.000	16	0	0	1	16	1155419	1155404	1.1	32.2
seq1	scaffold18258	100.000	16	0	0	1	16	1245802	1245817	1.1	32.2
seq1	scaffold18258	100.000	16	0	0	1	16	1245806	1245821	1.1	32.2
seq1	scaffold18251	100.000	16	0	0	1	16	2576779	2576794	1.1	32.2
seq1	scaffold17836	100.000	16	0	0	1	16	34624	34609	1.1	32.2
seq1	scaffold17721	100.000	16	0	0	1	16	2997391	2997376	1.1	32.2
seq1	scaffold17721	100.000	16	0	0	1	16	3004946	3004931	1.1	32.2
seq1	scaffold17205	100.000	16	0	0	1	16	56046	56031	1.1	32.2
seq1	scaffold17205	100.000	16	0	0	1	16	63697	63682	1.1	32.2
seq1	scaffold17204	100.000	16	0	0	1	16	4642246	4642231	1.1	32.2
seq1	scaffold17106	100.000	16	0	0	1	16	380690	380705	1.1	32.2
seq1	scaffold16575	100.000	16	0	0	1	16	35967	35952	1.1	32.2
seq1	scaffold16425	100.000	16	0	0	1	16	2442224	2442209	1.1	32.2
seq1	scaffold16425	100.000	16	0	0	1	16	2801084	2801069	1.1	32.2
seq1	scaffold16317	100.000	16	0	0	1	16	1431669	1431684	1.1	32.2
seq1	scaffold16264	100.000	16	0	0	1	16	1682	1667	1.1	32.2
seq1	scaffold15615	100.000	16	0	0	1	16	2351165	2351150	1.1	32.2
seq1	scaffold15086	100.000	16	0	0	1	16	1014223	1014238	1.1	32.2
seq1	scaffold14661	100.000	16	0	0	1	16	301535	301520	1.1	32.2
seq1	scaffold14465	100.000	16	0	0	1	16	2474426	2474441	1.1	32.2
seq1	scaffold14447	100.000	16	0	0	1	16	243873	243858	1.1	32.2
seq1	scaffold14251	100.000	16	0	0	1	16	377623	377638	1.1	32.2
seq1	scaffold14090	100.000	16	0	0	1	16	488454	488469	1.1	32.2
seq1	scaffold14085	100.000	16	0	0	1	16	56855	56840	1.1	32.2
seq1	scaffold14084	100.000	16	0	0	1	16	56857	56842	1.1	32.2
seq1	scaffold14084	100.000	16	0	0	1	16	64466	64451	1.1	32.2
seq1	scaffold13692	100.000	16	0	0	1	16	20993	21008	1.1	32.2
seq1	scaffold13692	100.000	16	0	0	1	16	28542	28557	1.1	32.2
seq1	scaffold13689	100.000	16	0	0	1	16	168114	168099	1.1	32.2
seq1	scaffold13689	100.000	16	0	0	1	16	168118	168103	1.1	32.2
seq1	scaffold13689	100.000	16	0	0	1	16	168122	168107	1.1	32.2
seq1	scaffold13123	100.000	16	0	0	1	16	24106	24091	1.1	32.2
seq1	scaffold13021	100.000	16	0	0	1	16	94263	94248	1.1	32.2
seq1	scaffold13004	100.000	16	0	0	1	16	291051	291066	1.1	32.2
seq1	scaffold12831	100.000	16	0	0	1	16	1977468	1977453	1.1	32.2
seq1	scaffold12831	100.000	16	0	0	1	16	1985073	1985058	1.1	32.2
seq1	scaffold12831	100.000	16	0	0	1	16	2082748	2082733	1.1	32.2
seq1	scaffold12831	100.000	16	0	0	1	16	2085151	2085136	1.1	32.2
seq1	scaffold12831	100.000	16	0	0	1	16	2178911	2178896	1.1	32.2
seq1	scaffold12831	100.000	16	0	0	1	16	2186524	2186509	1.1	32.2
seq1	scaffold12559	100.000	16	0	0	1	16	187118	187133	1.1	32.2
seq1	scaffold12499	100.000	16	0	0	1	16	18822	18807	1.1	32.2
seq1	scaffold12499	100.000	16	0	0	1	16	2900542	2900527	1.1	32.2
seq1	scaffold12499	100.000	15	0	0	1	15	2907938	2907924	4.3	30.2
seq1	scaffold12232	100.000	16	0	0	1	16	3295	3280	1.1	32.2
seq1	scaffold12232	100.000	16	0	0	1	16	3299	3284	1.1	32.2
seq1	scaffold12095	100.000	16	0	0	1	16	117817	117802	1.1	32.2
seq1	scaffold11879	100.000	16	0	0	1	16	633949	633934	1.1	32.2
seq1	scaffold11692	100.000	16	0	0	1	16	16285	16300	1.1	32.2
seq1	scaffold11575	100.000	16	0	0	1	16	2743	2758	1.1	32.2
seq1	scaffold11077	100.000	16	0	0	1	16	484821	484836	1.1	32.2
seq1	scaffold10809	100.000	16	0	0	1	16	42865	42880	1.1	32.2
seq1	scaffold10691	100.000	16	0	0	1	16	13895	13880	1.1	32.2
seq1	scaffold10491	100.000	16	0	0	1	16	3855693	3855708	1.1	32.2
seq1	scaffold10491	100.000	15	0	0	2	16	2540461	2540475	4.3	30.2
seq1	scaffold10491	100.000	15	0	0	1	15	2736947	2736933	4.3	30.2
seq1	scaffold10334	100.000	16	0	0	1	16	276509	276524	1.1	32.2
seq1	scaffold10057	100.000	16	0	0	1	16	1204587	1204602	1.1	32.2
seq1	scaffold9971	100.000	16	0	0	1	16	21315	21330	1.1	32.2
seq1	scaffold9775	100.000	16	0	0	1	16	3102936	3102921	1.1	32.2
seq1	scaffold9775	100.000	16	0	0	1	16	3110408	3110393	1.1	32.2
seq1	scaffold9775	100.000	16	0	0	1	16	6979518	6979503	1.1	32.2
seq1	scaffold9621	100.000	16	0	0	1	16	4635	4620	1.1	32.2
seq1	scaffold9554	100.000	16	0	0	1	16	588	573	1.1	32.2
seq1	scaffold9534	100.000	16	0	0	1	16	541470	541485	1.1	32.2
seq1	scaffold9367	100.000	16	0	0	1	16	127995	127980	1.1	32.2
seq1	scaffold9367	100.000	16	0	0	1	16	135627	135612	1.1	32.2
seq1	scaffold9367	100.000	16	0	0	1	16	143258	143243	1.1	32.2
seq1	scaffold9364	100.000	16	0	0	1	16	49215	49200	1.1	32.2
seq1	scaffold9364	100.000	16	0	0	1	16	56671	56656	1.1	32.2
seq1	scaffold9364	100.000	15	0	0	1	15	76437	76451	4.3	30.2
seq1	scaffold9267	100.000	16	0	0	1	16	750231	750216	1.1	32.2
seq1	scaffold9267	100.000	15	0	0	1	15	246459	246445	4.3	30.2
seq1	scaffold9243	100.000	16	0	0	1	16	620733	620748	1.1	32.2
seq1	scaffold9035	100.000	16	0	0	1	16	229690	229705	1.1	32.2
seq1	scaffold9035	100.000	16	0	0	1	16	234990	234975	1.1	32.2
seq1	scaffold8962	100.000	16	0	0	1	16	47813	47798	1.1	32.2
seq1	scaffold8962	100.000	16	0	0	1	16	47817	47802	1.1	32.2
seq1	scaffold8962	100.000	16	0	0	1	16	163172	163187	1.1	32.2
seq1	scaffold8962	100.000	16	0	0	1	16	7094081	7094096	1.1	32.2
seq1	scaffold8962	100.000	16	0	0	1	16	7771185	7771200	1.1	32.2
seq1	scaffold8809	100.000	16	0	0	1	16	96210	96225	1.1	32.2
seq1	scaffold8723	100.000	16	0	0	1	16	65641	65626	1.1	32.2
seq1	scaffold8685	100.000	16	0	0	1	16	71329	71344	1.1	32.2
seq1	scaffold8636	100.000	16	0	0	1	16	655623	655608	1.1	32.2
seq1	scaffold8636	100.000	16	0	0	1	16	655627	655612	1.1	32.2
seq1	scaffold8636	100.000	16	0	0	1	16	655631	655616	1.1	32.2
seq1	scaffold8480	100.000	16	0	0	1	16	48727	48712	1.1	32.2
seq1	scaffold8448	100.000	16	0	0	1	16	802261	802246	1.1	32.2
seq1	scaffold8441	100.000	16	0	0	1	16	11941	11926	1.1	32.2
seq1	scaffold8422	100.000	16	0	0	1	16	128835	128850	1.1	32.2
seq1	scaffold8422	100.000	16	0	0	1	16	138815	138830	1.1	32.2
seq1	scaffold8422	100.000	16	0	0	1	16	154549	154534	1.1	32.2
seq1	scaffold8422	100.000	16	0	0	1	16	186124	186139	1.1	32.2
seq1	scaffold8419	100.000	16	0	0	1	16	2469688	2469703	1.1	32.2
seq1	scaffold8419	100.000	15	0	0	1	15	589579	589565	4.3	30.2
seq1	scaffold8415	100.000	16	0	0	1	16	153425	153410	1.1	32.2
seq1	scaffold8128	100.000	16	0	0	1	16	2409302	2409317	1.1	32.2
seq1	scaffold8079	100.000	16	0	0	1	16	2223896	2223911	1.1	32.2
seq1	scaffold8079	100.000	16	0	0	1	16	2659485	2659500	1.1	32.2
seq1	scaffold8079	100.000	16	0	0	1	16	2666442	2666457	1.1	32.2
seq1	scaffold8079	100.000	16	0	0	1	16	3596276	3596261	1.1	32.2
seq1	scaffold8079	100.000	16	0	0	1	16	3603658	3603643	1.1	32.2
seq1	scaffold8061	100.000	16	0	0	1	16	35741	35726	1.1	32.2
seq1	scaffold7626	100.000	16	0	0	1	16	691089	691104	1.1	32.2
seq1	scaffold7626	100.000	16	0	0	1	16	1921645	1921660	1.1	32.2
seq1	scaffold7626	100.000	16	0	0	1	16	1921649	1921664	1.1	32.2
seq1	scaffold7626	100.000	16	0	0	1	16	1921653	1921668	1.1	32.2
seq1	scaffold7626	100.000	16	0	0	1	16	1929182	1929197	1.1	32.2
seq1	scaffold7626	100.000	16	0	0	1	16	1929186	1929201	1.1	32.2
seq1	scaffold7524	100.000	16	0	0	1	16	266457	266472	1.1	32.2
seq1	scaffold7522	100.000	16	0	0	1	16	139781	139766	1.1	32.2
seq1	scaffold7522	100.000	16	0	0	1	16	147098	147083	1.1	32.2
seq1	scaffold7522	100.000	16	0	0	1	16	511495	511510	1.1	32.2
seq1	scaffold7522	100.000	15	0	0	1	15	150785	150799	4.3	30.2
seq1	scaffold7444	100.000	16	0	0	1	16	2193687	2193702	1.1	32.2
seq1	scaffold7369	100.000	16	0	0	1	16	44867	44882	1.1	32.2
seq1	scaffold7366	100.000	16	0	0	1	16	1545161	1545176	1.1	32.2
seq1	scaffold7366	100.000	16	0	0	1	16	2329917	2329932	1.1	32.2
seq1	scaffold7366	100.000	16	0	0	1	16	2371014	2370999	1.1	32.2
seq1	scaffold7366	100.000	16	0	0	1	16	3432371	3432386	1.1	32.2
seq1	scaffold7259	100.000	16	0	0	1	16	635292	635307	1.1	32.2
seq1	scaffold7259	100.000	16	0	0	1	16	635296	635311	1.1	32.2
seq1	scaffold7226	100.000	16	0	0	1	16	200402	200417	1.1	32.2
seq1	scaffold7051	100.000	16	0	0	1	16	56872	56857	1.1	32.2
seq1	scaffold7001	100.000	16	0	0	1	16	521507	521522	1.1	32.2
seq1	scaffold6992	100.000	16	0	0	1	16	1079618	1079633	1.1	32.2
seq1	scaffold6974	100.000	16	0	0	1	16	1042746	1042731	1.1	32.2
seq1	scaffold6847	100.000	16	0	0	1	16	401234	401219	1.1	32.2
seq1	scaffold6847	100.000	16	0	0	1	16	401238	401223	1.1	32.2
seq1	scaffold6847	100.000	16	0	0	1	16	401242	401227	1.1	32.2
seq1	scaffold6847	100.000	16	0	0	1	16	408770	408755	1.1	32.2
seq1	scaffold6847	100.000	16	0	0	1	16	408774	408759	1.1	32.2
seq1	scaffold6847	100.000	16	0	0	1	16	408778	408763	1.1	32.2
seq1	scaffold6745	100.000	16	0	0	1	16	1391073	1391088	1.1	32.2
seq1	scaffold6707	100.000	16	0	0	1	16	109683	109698	1.1	32.2
seq1	scaffold6689	100.000	16	0	0	1	16	86852	86867	1.1	32.2
seq1	scaffold6652	100.000	16	0	0	1	16	4884450	4884435	1.1	32.2
seq1	scaffold6652	100.000	16	0	0	1	16	4884454	4884439	1.1	32.2
seq1	scaffold6652	100.000	16	0	0	1	16	6713695	6713710	1.1	32.2
seq1	scaffold6652	100.000	16	0	0	1	16	6855181	6855196	1.1	32.2
seq1	scaffold6652	100.000	15	0	0	1	15	4884446	4884432	4.3	30.2
seq1	scaffold6622	100.000	16	0	0	1	16	591661	591676	1.1	32.2
seq1	scaffold6622	100.000	16	0	0	1	16	591665	591680	1.1	32.2
seq1	scaffold6622	100.000	16	0	0	1	16	690808	690793	1.1	32.2
seq1	scaffold6622	100.000	16	0	0	1	16	695571	695556	1.1	32.2
seq1	scaffold6529	100.000	16	0	0	1	16	338974	338989	1.1	32.2
seq1	scaffold6359	100.000	16	0	0	1	16	197582	197567	1.1	32.2
seq1	scaffold6359	100.000	16	0	0	1	16	197586	197571	1.1	32.2
seq1	scaffold6286	100.000	16	0	0	1	16	721560	721545	1.1	32.2
seq1	scaffold6159	100.000	16	0	0	1	16	665201	665186	1.1	32.2
seq1	scaffold6159	100.000	16	0	0	1	16	665205	665190	1.1	32.2
seq1	scaffold6159	100.000	16	0	0	1	16	1604497	1604512	1.1	32.2
seq1	scaffold6099	100.000	16	0	0	1	16	2138621	2138606	1.1	32.2
seq1	scaffold6097	100.000	16	0	0	1	16	59052	59037	1.1	32.2
seq1	scaffold6097	100.000	16	0	0	1	16	176308	176323	1.1	32.2
seq1	scaffold6056	100.000	16	0	0	1	16	2382496	2382511	1.1	32.2
seq1	scaffold6055	100.000	16	0	0	1	16	2544024	2544039	1.1	32.2
seq1	scaffold6055	100.000	16	0	0	1	16	2760346	2760331	1.1	32.2
seq1	scaffold6053	100.000	16	0	0	1	16	98633	98648	1.1	32.2
seq1	scaffold6029	100.000	16	0	0	1	16	25182	25167	1.1	32.2
seq1	scaffold6029	100.000	16	0	0	1	16	45560	45545	1.1	32.2
seq1	scaffold6029	100.000	16	0	0	1	16	3905788	3905803	1.1	32.2
seq1	scaffold5991	100.000	16	0	0	1	16	90386	90401	1.1	32.2
seq1	scaffold5976	100.000	16	0	0	1	16	495322	495337	1.1	32.2
seq1	scaffold5919	100.000	16	0	0	1	16	1319582	1319597	1.1	32.2
seq1	scaffold5919	100.000	16	0	0	1	16	1964572	1964587	1.1	32.2
seq1	scaffold5919	100.000	16	0	0	1	16	8551814	8551829	1.1	32.2
seq1	scaffold5919	100.000	16	0	0	1	16	8559268	8559283	1.1	32.2
seq1	scaffold5917	100.000	16	0	0	1	16	631513	631498	1.1	32.2
seq1	scaffold5917	100.000	16	0	0	1	16	645265	645280	1.1	32.2
seq1	scaffold5917	100.000	16	0	0	1	16	798418	798403	1.1	32.2
seq1	scaffold5810	100.000	16	0	0	1	16	1908235	1908250	1.1	32.2
seq1	scaffold5804	100.000	16	0	0	1	16	5752	5737	1.1	32.2
seq1	scaffold5740	100.000	16	0	0	1	16	8623293	8623278	1.1	32.2
seq1	scaffold5740	100.000	16	0	0	1	16	8623297	8623282	1.1	32.2
seq1	scaffold5740	100.000	16	0	0	1	16	8623301	8623286	1.1	32.2
seq1	scaffold5725	100.000	16	0	0	1	16	3314314	3314299	1.1	32.2
seq1	scaffold5611	100.000	16	0	0	1	16	420482	420467	1.1	32.2
seq1	scaffold5609	100.000	16	0	0	1	16	31380	31395	1.1	32.2
seq1	scaffold5464	100.000	16	0	0	1	16	38230	38245	1.1	32.2
seq1	scaffold5464	100.000	16	0	0	1	16	43598	43613	1.1	32.2
seq1	scaffold5358	100.000	16	0	0	1	16	511917	511932	1.1	32.2
seq1	scaffold5358	100.000	16	0	0	1	16	2786567	2786582	1.1	32.2
seq1	scaffold5169	100.000	16	0	0	1	16	305346	305331	1.1	32.2
seq1	scaffold5165	100.000	16	0	0	1	16	372895	372880	1.1	32.2
seq1	scaffold5165	100.000	16	0	0	1	16	380426	380411	1.1	32.2
seq1	scaffold5165	100.000	16	0	0	1	16	9959205	9959220	1.1	32.2
seq1	scaffold5158	100.000	16	0	0	1	16	57185	57200	1.1	32.2
seq1	scaffold5155	100.000	16	0	0	1	16	1495961	1495976	1.1	32.2
seq1	scaffold5155	100.000	16	0	0	1	16	1837565	1837550	1.1	32.2
seq1	scaffold5155	100.000	16	0	0	1	16	1879585	1879570	1.1	32.2
seq1	scaffold5128	100.000	16	0	0	1	16	453481	453466	1.1	32.2
seq1	scaffold5128	100.000	16	0	0	1	16	460500	460485	1.1	32.2
seq1	scaffold5125	100.000	16	0	0	1	16	81061	81046	1.1	32.2
seq1	scaffold5125	100.000	16	0	0	1	16	150022	150037	1.1	32.2
seq1	scaffold5125	100.000	16	0	0	1	16	157661	157676	1.1	32.2
seq1	scaffold5125	100.000	16	0	0	1	16	196268	196253	1.1	32.2
seq1	scaffold5125	100.000	16	0	0	1	16	236865	236880	1.1	32.2
seq1	scaffold5125	100.000	16	0	0	1	16	238904	238919	1.1	32.2
seq1	scaffold5125	100.000	16	0	0	1	16	320490	320505	1.1	32.2
seq1	scaffold5115	100.000	16	0	0	1	16	29511	29526	1.1	32.2
seq1	scaffold5115	100.000	16	0	0	1	16	41159	41174	1.1	32.2
seq1	scaffold5114	100.000	16	0	0	1	16	272784	272769	1.1	32.2
seq1	scaffold5114	100.000	16	0	0	1	16	280334	280319	1.1	32.2
seq1	scaffold5114	100.000	16	0	0	1	16	291982	291967	1.1	32.2
seq1	scaffold5048	100.000	16	0	0	1	16	1494422	1494407	1.1	32.2
seq1	scaffold4950	100.000	16	0	0	1	16	1575667	1575652	1.1	32.2
seq1	scaffold4928	100.000	16	0	0	1	16	6214632	6214617	1.1	32.2
seq1	scaffold4917	100.000	16	0	0	1	16	77354	77369	1.1	32.2
seq1	scaffold4917	100.000	16	0	0	1	16	749361	749346	1.1	32.2
seq1	scaffold4917	100.000	15	0	0	1	15	749357	749343	4.3	30.2
seq1	scaffold4916	100.000	16	0	0	1	16	249698	249713	1.1	32.2
seq1	scaffold4894	100.000	16	0	0	1	16	38455	38440	1.1	32.2
seq1	scaffold4892	100.000	16	0	0	1	16	368946	368931	1.1	32.2
seq1	scaffold4845	100.000	16	0	0	1	16	86939	86954	1.1	32.2
seq1	scaffold4844	100.000	16	0	0	1	16	644589	644604	1.1	32.2
seq1	scaffold4844	100.000	16	0	0	1	16	830195	830180	1.1	32.2
seq1	scaffold4844	100.000	16	0	0	1	16	857044	857029	1.1	32.2
seq1	scaffold4844	100.000	16	0	0	1	16	857048	857033	1.1	32.2
seq1	scaffold4844	100.000	16	0	0	1	16	857052	857037	1.1	32.2
seq1	scaffold4844	100.000	16	0	0	1	16	920176	920191	1.1	32.2
seq1	scaffold4833	100.000	16	0	0	1	16	214510	214525	1.1	32.2
seq1	scaffold4798	100.000	16	0	0	1	16	104213	104198	1.1	32.2
seq1	scaffold4797	100.000	16	0	0	1	16	1223142	1223127	1.1	32.2
seq1	scaffold4797	100.000	15	0	0	1	15	1298104	1298118	4.3	30.2
seq1	scaffold4729	100.000	16	0	0	1	16	548322	548307	1.1	32.2
seq1	scaffold4729	100.000	16	0	0	1	16	578413	578398	1.1	32.2
seq1	scaffold4729	100.000	16	0	0	1	16	578417	578402	1.1	32.2
seq1	scaffold4716	100.000	16	0	0	1	16	4390	4375	1.1	32.2
seq1	scaffold4672	100.000	16	0	0	1	16	831980	831965	1.1	32.2
seq1	scaffold4671	100.000	16	0	0	1	16	661648	661633	1.1	32.2
seq1	scaffold4671	100.000	16	0	0	1	16	804427	804442	1.1	32.2
seq1	scaffold4671	100.000	16	0	0	1	16	1661834	1661849	1.1	32.2
seq1	scaffold4592	100.000	16	0	0	1	16	4601409	4601394	1.1	32.2
seq1	scaffold4552	100.000	16	0	0	1	16	362841	362856	1.1	32.2
seq1	scaffold4522	100.000	16	0	0	1	16	592748	592733	1.1	32.2
seq1	scaffold4522	100.000	16	0	0	1	16	1683815	1683830	1.1	32.2
seq1	scaffold4522	100.000	16	0	0	1	16	2527970	2527985	1.1	32.2
seq1	scaffold4522	100.000	16	0	0	1	16	3144942	3144957	1.1	32.2
seq1	scaffold4507	100.000	16	0	0	1	16	883559	883544	1.1	32.2
seq1	scaffold4507	100.000	16	0	0	1	16	1599330	1599345	1.1	32.2
seq1	scaffold4463	100.000	16	0	0	1	16	2034588	2034603	1.1	32.2
seq1	scaffold4463	100.000	16	0	0	1	16	2035917	2035932	1.1	32.2
seq1	scaffold4436	100.000	16	0	0	1	16	511140	511155	1.1	32.2
seq1	scaffold4436	100.000	16	0	0	1	16	1074000	1074015	1.1	32.2
seq1	scaffold4436	100.000	16	0	0	1	16	1225215	1225230	1.1	32.2
seq1	scaffold4436	100.000	16	0	0	1	16	1232813	1232828	1.1	32.2
seq1	scaffold4436	100.000	16	0	0	1	16	1357424	1357439	1.1	32.2
seq1	scaffold4436	100.000	15	0	0	2	16	1095069	1095083	4.3	30.2
seq1	scaffold4436	100.000	15	0	0	1	15	1296079	1296093	4.3	30.2
seq1	scaffold4436	100.000	15	0	0	2	16	1381689	1381703	4.3	30.2
seq1	scaffold4436	100.000	15	0	0	1	15	1381692	1381706	4.3	30.2
seq1	scaffold4307	100.000	16	0	0	1	16	234326	234311	1.1	32.2
seq1	scaffold4244	100.000	16	0	0	1	16	3921093	3921108	1.1	32.2
seq1	scaffold4244	100.000	16	0	0	1	16	5771351	5771336	1.1	32.2
seq1	scaffold4244	100.000	16	0	0	1	16	5780646	5780631	1.1	32.2
seq1	scaffold4244	100.000	16	0	0	1	16	5780650	5780635	1.1	32.2
seq1	scaffold4244	100.000	16	0	0	1	16	5788151	5788136	1.1	32.2
seq1	scaffold4244	100.000	15	0	0	1	15	5780642	5780628	4.3	30.2
seq1	scaffold3990	100.000	16	0	0	1	16	588494	588479	1.1	32.2
seq1	scaffold3990	100.000	15	0	0	2	16	329167	329181	4.3	30.2
seq1	scaffold3990	100.000	15	0	0	2	16	336543	336557	4.3	30.2
seq1	scaffold3883	100.000	16	0	0	1	16	114638	114623	1.1	32.2
seq1	scaffold3836	100.000	16	0	0	1	16	426681	426666	1.1	32.2
seq1	scaffold3836	100.000	16	0	0	1	16	426685	426670	1.1	32.2
seq1	scaffold3802	100.000	16	0	0	1	16	599722	599707	1.1	32.2
seq1	scaffold3802	100.000	16	0	0	1	16	599726	599711	1.1	32.2
seq1	scaffold3802	100.000	16	0	0	1	16	3601712	3601697	1.1	32.2
seq1	scaffold3756	100.000	16	0	0	1	16	127576	127591	1.1	32.2
seq1	scaffold3750	100.000	16	0	0	1	16	2349945	2349930	1.1	32.2
seq1	scaffold3750	100.000	16	0	0	1	16	4428939	4428954	1.1	32.2
seq1	scaffold3750	100.000	16	0	0	1	16	6939291	6939306	1.1	32.2
seq1	scaffold3750	100.000	16	0	0	1	16	7094884	7094899	1.1	32.2
seq1	scaffold3750	100.000	16	0	0	1	16	7094919	7094934	1.1	32.2
seq1	scaffold3750	100.000	16	0	0	1	16	7181620	7181635	1.1	32.2
seq1	scaffold3750	100.000	16	0	0	1	16	7181655	7181670	1.1	32.2
seq1	scaffold3750	100.000	16	0	0	1	16	8617613	8617598	1.1	32.2
seq1	scaffold3748	100.000	16	0	0	1	16	1309940	1309955	1.1	32.2
seq1	scaffold3748	100.000	15	0	0	1	15	1309944	1309958	4.3	30.2
seq1	scaffold3698	100.000	16	0	0	1	16	1050065	1050050	1.1	32.2
seq1	scaffold3698	100.000	15	0	0	1	15	1050061	1050047	4.3	30.2
seq1	scaffold3623	100.000	16	0	0	1	16	676118	676133	1.1	32.2
seq1	scaffold3570	100.000	16	0	0	1	16	115299	115314	1.1	32.2
seq1	scaffold3557	100.000	16	0	0	1	16	4632946	4632961	1.1	32.2
seq1	scaffold3544	100.000	16	0	0	1	16	435893	435908	1.1	32.2
seq1	scaffold3544	100.000	16	0	0	1	16	2606918	2606903	1.1	32.2
seq1	scaffold3544	100.000	16	0	0	1	16	3231227	3231242	1.1	32.2
seq1	scaffold3544	100.000	16	0	0	1	16	3231231	3231246	1.1	32.2
seq1	scaffold3544	100.000	15	0	0	1	15	372604	372590	4.3	30.2
seq1	scaffold3537	100.000	16	0	0	1	16	1227292	1227277	1.1	32.2
seq1	scaffold3482	100.000	16	0	0	1	16	1350	1335	1.1	32.2
seq1	scaffold3481	100.000	16	0	0	1	16	2505078	2505063	1.1	32.2
seq1	scaffold3340	100.000	16	0	0	1	16	143048	143063	1.1	32.2
seq1	scaffold3302	100.000	16	0	0	1	16	482810	482795	1.1	32.2
seq1	scaffold3302	100.000	16	0	0	1	16	576558	576543	1.1	32.2
seq1	scaffold3302	100.000	16	0	0	1	16	577210	577225	1.1	32.2
seq1	scaffold3302	100.000	16	0	0	1	16	788567	788552	1.1	32.2
seq1	scaffold3302	100.000	15	0	0	1	15	576554	576540	4.3	30.2
seq1	scaffold3302	100.000	15	0	0	2	16	576561	576547	4.3	30.2
seq1	scaffold3302	100.000	15	0	0	1	15	607722	607708	4.3	30.2
seq1	scaffold3302	100.000	15	0	0	2	16	767498	767484	4.3	30.2
seq1	scaffold3234	100.000	16	0	0	1	16	858497	858482	1.1	32.2
seq1	scaffold3152	100.000	16	0	0	1	16	10733688	10733673	1.1	32.2
seq1	scaffold3152	100.000	16	0	0	1	16	10733692	10733677	1.1	32.2
seq1	scaffold3152	100.000	16	0	0	1	16	23531413	23531398	1.1	32.2
seq1	scaffold3152	100.000	16	0	0	1	16	35966416	35966431	1.1	32.2
seq1	scaffold3152	100.000	15	0	0	1	15	10733684	10733670	4.3	30.2
seq1	scaffold3152	100.000	15	0	0	1	15	10849847	10849833	4.3	30.2
seq1	scaffold3152	100.000	15	0	0	1	15	18684097	18684083	4.3	30.2
seq1	scaffold3152	100.000	15	0	0	1	15	23558925	23558911	4.3	30.2
seq1	scaffold3033	100.000	16	0	0	1	16	9553444	9553429	1.1	32.2
seq1	scaffold2951	100.000	16	0	0	1	16	2044222	2044207	1.1	32.2
seq1	scaffold2935	100.000	16	0	0	1	16	404387	404402	1.1	32.2
seq1	scaffold2904	100.000	16	0	0	1	16	686731	686746	1.1	32.2
seq1	scaffold2904	100.000	16	0	0	1	16	1204032	1204017	1.1	32.2
seq1	scaffold2904	100.000	16	0	0	1	16	1408898	1408883	1.1	32.2
seq1	scaffold2904	100.000	15	0	0	2	16	1109065	1109079	4.3	30.2
seq1	scaffold2903	100.000	16	0	0	1	16	3495439	3495424	1.1	32.2
seq1	scaffold2896	100.000	16	0	0	1	16	136674	136659	1.1	32.2
seq1	scaffold2882	100.000	16	0	0	1	16	57127	57112	1.1	32.2
seq1	scaffold2882	100.000	16	0	0	1	16	81208	81223	1.1	32.2
seq1	scaffold2882	100.000	16	0	0	1	16	81212	81227	1.1	32.2
seq1	scaffold2882	100.000	16	0	0	1	16	81216	81231	1.1	32.2
seq1	scaffold2882	100.000	16	0	0	1	16	88782	88797	1.1	32.2
seq1	scaffold2882	100.000	16	0	0	1	16	88786	88801	1.1	32.2
seq1	scaffold2882	100.000	16	0	0	1	16	88790	88805	1.1	32.2
seq1	scaffold2857	100.000	16	0	0	1	16	12308	12323	1.1	32.2
seq1	scaffold2768	100.000	16	0	0	1	16	223394	223409	1.1	32.2
seq1	scaffold2768	100.000	16	0	0	1	16	539590	539605	1.1	32.2
seq1	scaffold2755	100.000	16	0	0	1	16	30737	30722	1.1	32.2
seq1	scaffold2751	100.000	16	0	0	1	16	347760	347745	1.1	32.2
seq1	scaffold2751	100.000	16	0	0	1	16	547470	547455	1.1	32.2
seq1	scaffold2751	100.000	16	0	0	1	16	554945	554930	1.1	32.2
seq1	scaffold2751	100.000	16	0	0	1	16	973259	973244	1.1	32.2
seq1	scaffold2751	100.000	16	0	0	1	16	1096640	1096655	1.1	32.2
seq1	scaffold2751	100.000	16	0	0	1	16	1125616	1125601	1.1	32.2
seq1	scaffold2749	100.000	16	0	0	1	16	458916	458901	1.1	32.2
seq1	scaffold2749	100.000	16	0	0	1	16	458920	458905	1.1	32.2
seq1	scaffold2749	100.000	16	0	0	1	16	914074	914059	1.1	32.2
seq1	scaffold2749	100.000	16	0	0	1	16	1797735	1797720	1.1	32.2
seq1	scaffold2749	100.000	15	0	0	1	15	331763	331777	4.3	30.2
seq1	scaffold2716	100.000	16	0	0	1	16	1532300	1532285	1.1	32.2
seq1	scaffold2647	100.000	16	0	0	1	16	662549	662564	1.1	32.2
seq1	scaffold2647	100.000	16	0	0	1	16	662553	662568	1.1	32.2
seq1	scaffold2637	100.000	16	0	0	1	16	219402	219387	1.1	32.2
seq1	scaffold2637	100.000	16	0	0	1	16	227104	227089	1.1	32.2
seq1	scaffold2594	100.000	16	0	0	1	16	396905	396890	1.1	32.2
seq1	scaffold2592	100.000	16	0	0	1	16	135469	135484	1.1	32.2
seq1	scaffold2590	100.000	16	0	0	1	16	849835	849850	1.1	32.2
seq1	scaffold2590	100.000	16	0	0	1	16	1307827	1307842	1.1	32.2
seq1	scaffold2590	100.000	16	0	0	1	16	1512651	1512636	1.1	32.2
seq1	scaffold2590	100.000	16	0	0	1	16	1535146	1535131	1.1	32.2
seq1	scaffold2590	100.000	16	0	0	1	16	1568434	1568419	1.1	32.2
seq1	scaffold2590	100.000	16	0	0	1	16	1797626	1797641	1.1	32.2
seq1	scaffold2590	100.000	16	0	0	1	16	1797630	1797645	1.1	32.2
seq1	scaffold2590	100.000	16	0	0	1	16	1867137	1867122	1.1	32.2
seq1	scaffold2590	100.000	16	0	0	1	16	1874688	1874673	1.1	32.2
seq1	scaffold2579	100.000	16	0	0	1	16	1191749	1191734	1.1	32.2
seq1	scaffold2579	100.000	16	0	0	1	16	1199120	1199105	1.1	32.2
seq1	scaffold2579	100.000	16	0	0	1	16	1375405	1375390	1.1	32.2
seq1	scaffold2579	100.000	16	0	0	1	16	2595222	2595237	1.1	32.2
seq1	scaffold2579	100.000	16	0	0	1	16	2721126	2721111	1.1	32.2
seq1	scaffold2579	100.000	16	0	0	1	16	2851861	2851846	1.1	32.2
seq1	scaffold2579	100.000	16	0	0	1	16	3307771	3307756	1.1	32.2
seq1	scaffold2527	100.000	16	0	0	1	16	2149703	2149718	1.1	32.2
seq1	scaffold2527	100.000	16	0	0	1	16	2157440	2157455	1.1	32.2
seq1	scaffold2527	100.000	15	0	0	1	15	2094535	2094521	4.3	30.2
seq1	scaffold2422	100.000	16	0	0	1	16	3829724	3829739	1.1	32.2
seq1	scaffold2422	100.000	16	0	0	1	16	3888072	3888087	1.1	32.2
seq1	scaffold2410	100.000	16	0	0	1	16	564965	564950	1.1	32.2
seq1	scaffold2389	100.000	16	0	0	1	16	592860	592875	1.1	32.2
seq1	scaffold2364	100.000	16	0	0	1	16	1132602	1132617	1.1	32.2
seq1	scaffold2364	100.000	16	0	0	1	16	1132606	1132621	1.1	32.2
seq1	scaffold2364	100.000	16	0	0	1	16	2742142	2742127	1.1	32.2
seq1	scaffold2364	100.000	16	0	0	1	16	3129659	3129644	1.1	32.2
seq1	scaffold2364	100.000	16	0	0	1	16	3135044	3135029	1.1	32.2
seq1	scaffold2364	100.000	16	0	0	1	16	4328711	4328726	1.1	32.2
seq1	scaffold2302	100.000	16	0	0	1	16	253830	253845	1.1	32.2
seq1	scaffold2302	100.000	16	0	0	1	16	261222	261237	1.1	32.2
seq1	scaffold2295	100.000	16	0	0	1	16	850957	850972	1.1	32.2
seq1	scaffold2294	100.000	16	0	0	1	16	849966	849951	1.1	32.2
seq1	scaffold2294	100.000	16	0	0	1	16	1433433	1433448	1.1	32.2
seq1	scaffold2294	100.000	16	0	0	1	16	1433437	1433452	1.1	32.2
seq1	scaffold2267	100.000	16	0	0	1	16	86411	86426	1.1	32.2
seq1	scaffold2267	100.000	16	0	0	1	16	4847244	4847229	1.1	32.2
seq1	scaffold2267	100.000	16	0	0	1	16	4853369	4853354	1.1	32.2
seq1	scaffold2267	100.000	15	0	0	1	15	14144543	14144529	4.3	30.2
seq1	scaffold2255	100.000	16	0	0	1	16	1781380	1781365	1.1	32.2
seq1	scaffold2255	100.000	16	0	0	1	16	1785385	1785400	1.1	32.2
seq1	scaffold2255	100.000	16	0	0	1	16	1792974	1792989	1.1	32.2
seq1	scaffold2255	100.000	16	0	0	1	16	1798785	1798800	1.1	32.2
seq1	scaffold2248	100.000	16	0	0	1	16	1236106	1236121	1.1	32.2
seq1	scaffold2248	100.000	16	0	0	1	16	1439301	1439316	1.1	32.2
seq1	scaffold2234	100.000	16	0	0	1	16	129306	129321	1.1	32.2
seq1	scaffold2234	100.000	16	0	0	1	16	129310	129325	1.1	32.2
seq1	scaffold2172	100.000	16	0	0	1	16	247693	247708	1.1	32.2
seq1	scaffold2172	100.000	16	0	0	1	16	938778	938793	1.1	32.2
seq1	scaffold2171	100.000	16	0	0	1	16	105779	105794	1.1	32.2
seq1	scaffold2171	100.000	16	0	0	1	16	673945	673930	1.1	32.2
seq1	scaffold2170	100.000	16	0	0	1	16	319616	319631	1.1	32.2
seq1	scaffold2134	100.000	16	0	0	1	16	389011	388996	1.1	32.2
seq1	scaffold2023	100.000	16	0	0	1	16	39311	39296	1.1	32.2
seq1	scaffold2006	100.000	16	0	0	1	16	2191398	2191413	1.1	32.2
seq1	scaffold2006	100.000	16	0	0	1	16	2203435	2203450	1.1	32.2
seq1	scaffold2001	100.000	16	0	0	1	16	95894	95879	1.1	32.2
seq1	scaffold1996	100.000	16	0	0	1	16	204729	204714	1.1	32.2
seq1	scaffold1996	100.000	16	0	0	1	16	204733	204718	1.1	32.2
seq1	scaffold1975	100.000	16	0	0	1	16	15138108	15138123	1.1	32.2
seq1	scaffold1975	100.000	16	0	0	1	16	15145577	15145592	1.1	32.2
seq1	scaffold1975	100.000	16	0	0	1	16	15739601	15739616	1.1	32.2
seq1	scaffold1975	100.000	15	0	0	1	15	15739605	15739619	4.3	30.2
seq1	scaffold1969	100.000	16	0	0	1	16	1212528	1212543	1.1	32.2
seq1	scaffold1969	100.000	15	0	0	2	16	1212525	1212539	4.3	30.2
seq1	scaffold1969	100.000	15	0	0	1	15	1212532	1212546	4.3	30.2
seq1	scaffold1951	100.000	16	0	0	1	16	106303	106318	1.1	32.2
seq1	scaffold1951	100.000	16	0	0	1	16	155727	155742	1.1	32.2
seq1	scaffold1951	100.000	16	0	0	1	16	204549	204564	1.1	32.2
seq1	scaffold1951	100.000	16	0	0	1	16	204553	204568	1.1	32.2
seq1	scaffold1951	100.000	16	0	0	1	16	347025	347010	1.1	32.2
seq1	scaffold1951	100.000	15	0	0	1	15	182892	182906	4.3	30.2
seq1	scaffold1951	100.000	15	0	0	2	16	204546	204560	4.3	30.2
seq1	scaffold1951	100.000	15	0	0	1	15	204557	204571	4.3	30.2
seq1	scaffold1933	100.000	16	0	0	1	16	947377	947362	1.1	32.2
seq1	scaffold1933	100.000	16	0	0	1	16	947381	947366	1.1	32.2
seq1	scaffold1933	100.000	16	0	0	1	16	954344	954359	1.1	32.2
seq1	scaffold1921	100.000	16	0	0	1	16	32641	32656	1.1	32.2
seq1	scaffold1903	100.000	16	0	0	1	16	104389	104374	1.1	32.2
seq1	scaffold1835	100.000	16	0	0	1	16	6991313	6991298	1.1	32.2
seq1	scaffold1802	100.000	16	0	0	1	16	491731	491716	1.1	32.2
seq1	scaffold1800	100.000	16	0	0	1	16	3860410	3860395	1.1	32.2
seq1	scaffold1800	100.000	16	0	0	1	16	3860414	3860399	1.1	32.2
seq1	scaffold1800	100.000	16	0	0	1	16	3860418	3860403	1.1	32.2
seq1	scaffold1800	100.000	16	0	0	1	16	8348542	8348527	1.1	32.2
seq1	scaffold1800	100.000	16	0	0	1	16	10942667	10942682	1.1	32.2
seq1	scaffold1800	100.000	15	0	0	1	15	3860406	3860392	4.3	30.2
seq1	scaffold1785	100.000	16	0	0	1	16	924780	924795	1.1	32.2
seq1	scaffold1747	100.000	16	0	0	1	16	132338	132353	1.1	32.2
seq1	scaffold1747	100.000	16	0	0	1	16	4375933	4375918	1.1	32.2
seq1	scaffold1492	100.000	16	0	0	1	16	1845755	1845740	1.1	32.2
seq1	scaffold1483	100.000	16	0	0	1	16	4121589	4121604	1.1	32.2
seq1	scaffold1483	100.000	16	0	0	1	16	4129202	4129217	1.1	32.2
seq1	scaffold1483	100.000	16	0	0	1	16	4528457	4528472	1.1	32.2
seq1	scaffold1483	100.000	16	0	0	1	16	6112338	6112353	1.1	32.2
seq1	scaffold1483	100.000	15	0	0	2	16	11873434	11873420	4.3	30.2
seq1	scaffold1483	100.000	15	0	0	2	16	11880943	11880929	4.3	30.2
seq1	scaffold1434	100.000	16	0	0	1	16	1782084	1782099	1.1	32.2
seq1	scaffold1434	100.000	16	0	0	1	16	2711940	2711925	1.1	32.2
seq1	scaffold1434	100.000	16	0	0	1	16	2803842	2803857	1.1	32.2
seq1	scaffold1433	100.000	16	0	0	1	16	590808	590823	1.1	32.2
seq1	scaffold1433	100.000	16	0	0	1	16	598146	598161	1.1	32.2
seq1	scaffold1431	100.000	16	0	0	1	16	9649	9634	1.1	32.2
seq1	scaffold1431	100.000	16	0	0	1	16	27669	27684	1.1	32.2
seq1	scaffold1431	100.000	15	0	0	1	15	107243	107257	4.3	30.2
seq1	scaffold1430	100.000	16	0	0	1	16	825698	825683	1.1	32.2
seq1	scaffold1430	100.000	16	0	0	1	16	1621857	1621842	1.1	32.2
seq1	scaffold1430	100.000	16	0	0	1	16	1621861	1621846	1.1	32.2
seq1	scaffold1398	100.000	16	0	0	1	16	503885	503900	1.1	32.2
seq1	scaffold1398	100.000	16	0	0	1	16	511316	511331	1.1	32.2
seq1	scaffold1391	100.000	16	0	0	1	16	212473	212458	1.1	32.2
seq1	scaffold1390	100.000	16	0	0	1	16	1232267	1232282	1.1	32.2
seq1	scaffold1386	100.000	16	0	0	1	16	623214	623199	1.1	32.2
seq1	scaffold1329	100.000	16	0	0	1	16	123465	123480	1.1	32.2
seq1	scaffold1322	100.000	16	0	0	1	16	1184238	1184223	1.1	32.2
seq1	scaffold1322	100.000	16	0	0	1	16	2839354	2839339	1.1	32.2
seq1	scaffold1315	100.000	16	0	0	1	16	11770	11785	1.1	32.2
seq1	scaffold1310	100.000	16	0	0	1	16	6587054	6587069	1.1	32.2
seq1	scaffold1310	100.000	16	0	0	1	16	6776275	6776290	1.1	32.2
seq1	scaffold1310	100.000	16	0	0	1	16	6783568	6783583	1.1	32.2
seq1	scaffold1310	100.000	16	0	0	1	16	6938006	6938021	1.1	32.2
seq1	scaffold1310	100.000	16	0	0	1	16	9131966	9131981	1.1	32.2
seq1	scaffold1310	100.000	16	0	0	1	16	11302387	11302402	1.1	32.2
seq1	scaffold1307	100.000	16	0	0	1	16	986365	986380	1.1	32.2
seq1	scaffold1304	100.000	16	0	0	1	16	960547	960532	1.1	32.2
seq1	scaffold1216	100.000	16	0	0	1	16	827412	827427	1.1	32.2
seq1	scaffold1216	100.000	16	0	0	1	16	1225613	1225598	1.1	32.2
seq1	scaffold1216	100.000	16	0	0	1	16	1761785	1761800	1.1	32.2
seq1	scaffold1150	100.000	16	0	0	1	16	2341	2326	1.1	32.2
seq1	scaffold1050	100.000	16	0	0	1	16	33374	33389	1.1	32.2
seq1	scaffold1042	100.000	16	0	0	1	16	310873	310858	1.1	32.2
seq1	scaffold1037	100.000	16	0	0	1	16	4847612	4847597	1.1	32.2
seq1	scaffold1037	100.000	16	0	0	1	16	4847616	4847601	1.1	32.2
seq1	scaffold1037	100.000	16	0	0	1	16	5293182	5293167	1.1	32.2
seq1	scaffold1037	100.000	16	0	0	1	16	6389841	6389856	1.1	32.2
seq1	scaffold1037	100.000	16	0	0	1	16	7552518	7552503	1.1	32.2
seq1	scaffold1018	100.000	16	0	0	1	16	957712	957727	1.1	32.2
seq1	scaffold1018	100.000	16	0	0	1	16	1040711	1040696	1.1	32.2
seq1	scaffold1018	100.000	16	0	0	1	16	1048007	1047992	1.1	32.2
seq1	scaffold1018	100.000	16	0	0	1	16	1069348	1069333	1.1	32.2
seq1	scaffold1018	100.000	16	0	0	1	16	1153559	1153574	1.1	32.2
seq1	scaffold1018	100.000	15	0	0	1	15	951165	951179	4.3	30.2
seq1	scaffold984	100.000	16	0	0	1	16	521023	521038	1.1	32.2
seq1	scaffold967	100.000	16	0	0	1	16	423596	423611	1.1	32.2
seq1	scaffold967	100.000	16	0	0	1	16	921136	921121	1.1	32.2
seq1	scaffold967	100.000	16	0	0	1	16	1025588	1025573	1.1	32.2
seq1	scaffold967	100.000	16	0	0	1	16	1025592	1025577	1.1	32.2
seq1	scaffold967	100.000	16	0	0	1	16	1033106	1033091	1.1	32.2
seq1	scaffold967	100.000	16	0	0	1	16	1033110	1033095	1.1	32.2
seq1	scaffold927	100.000	16	0	0	1	16	3064465	3064480	1.1	32.2
seq1	scaffold927	100.000	16	0	0	1	16	4541763	4541748	1.1	32.2
seq1	scaffold927	100.000	16	0	0	1	16	4541767	4541752	1.1	32.2
seq1	scaffold927	100.000	16	0	0	1	16	4636452	4636437	1.1	32.2
seq1	scaffold927	100.000	15	0	0	1	15	3064469	3064483	4.3	30.2
seq1	scaffold915	100.000	16	0	0	1	16	1189376	1189361	1.1	32.2
seq1	scaffold915	100.000	16	0	0	1	16	1213631	1213646	1.1	32.2
seq1	scaffold915	100.000	16	0	0	1	16	1879293	1879308	1.1	32.2
seq1	scaffold829	100.000	16	0	0	1	16	2186583	2186568	1.1	32.2
seq1	scaffold829	100.000	16	0	0	1	16	2186587	2186572	1.1	32.2
seq1	scaffold829	100.000	16	0	0	1	16	2194050	2194035	1.1	32.2
seq1	scaffold829	100.000	16	0	0	1	16	2194054	2194039	1.1	32.2
seq1	scaffold828	100.000	16	0	0	1	16	2194318	2194303	1.1	32.2
seq1	scaffold794	100.000	16	0	0	1	16	2436543	2436558	1.1	32.2
seq1	scaffold765	100.000	16	0	0	1	16	141989	142004	1.1	32.2
seq1	scaffold736	100.000	16	0	0	1	16	724326	724341	1.1	32.2
seq1	scaffold736	100.000	16	0	0	1	16	1523518	1523503	1.1	32.2
seq1	scaffold716	100.000	16	0	0	1	16	434385	434400	1.1	32.2
seq1	scaffold716	100.000	16	0	0	1	16	434389	434404	1.1	32.2
seq1	scaffold680	100.000	16	0	0	1	16	17838139	17838154	1.1	32.2
seq1	scaffold673	100.000	16	0	0	1	16	188446	188431	1.1	32.2
seq1	scaffold673	100.000	16	0	0	1	16	290229	290244	1.1	32.2
seq1	scaffold671	100.000	16	0	0	1	16	123010	123025	1.1	32.2
seq1	scaffold671	100.000	16	0	0	1	16	137903	137888	1.1	32.2
seq1	scaffold577	100.000	16	0	0	1	16	14043793	14043808	1.1	32.2
seq1	scaffold577	100.000	16	0	0	1	16	14157009	14157024	1.1	32.2
seq1	scaffold577	100.000	16	0	0	1	16	14258742	14258727	1.1	32.2
seq1	scaffold577	100.000	16	0	0	1	16	14398824	14398839	1.1	32.2
seq1	scaffold561	100.000	16	0	0	1	16	498159	498174	1.1	32.2
seq1	scaffold531	100.000	16	0	0	1	16	971615	971630	1.1	32.2
seq1	scaffold531	100.000	16	0	0	1	16	971619	971634	1.1	32.2
seq1	scaffold497	100.000	16	0	0	1	16	1304050	1304065	1.1	32.2
seq1	scaffold495	100.000	16	0	0	1	16	262253	262268	1.1	32.2
seq1	scaffold495	100.000	16	0	0	1	16	403551	403536	1.1	32.2
seq1	scaffold495	100.000	16	0	0	1	16	403555	403540	1.1	32.2
seq1	scaffold491	100.000	16	0	0	1	16	87716	87731	1.1	32.2
seq1	scaffold456	100.000	16	0	0	1	16	999655	999640	1.1	32.2
seq1	scaffold456	100.000	15	0	0	1	15	402015	402029	4.3	30.2
seq1	scaffold447	100.000	16	0	0	1	16	2654786	2654771	1.1	32.2
seq1	scaffold447	100.000	16	0	0	1	16	2654790	2654775	1.1	32.2
seq1	scaffold447	100.000	16	0	0	1	16	2654794	2654779	1.1	32.2
seq1	scaffold447	100.000	16	0	0	1	16	2662376	2662361	1.1	32.2
seq1	scaffold447	100.000	16	0	0	1	16	2662380	2662365	1.1	32.2
seq1	scaffold447	100.000	16	0	0	1	16	2692558	2692573	1.1	32.2
seq1	scaffold447	100.000	16	0	0	1	16	2713984	2713999	1.1	32.2
seq1	scaffold447	100.000	16	0	0	1	16	3090006	3089991	1.1	32.2
seq1	scaffold447	100.000	16	0	0	1	16	4573152	4573167	1.1	32.2
seq1	scaffold447	100.000	16	0	0	1	16	4573156	4573171	1.1	32.2
seq1	scaffold447	100.000	15	0	0	1	15	3561717	3561731	4.3	30.2
seq1	scaffold419	100.000	16	0	0	1	16	3778244	3778229	1.1	32.2
seq1	scaffold381	100.000	16	0	0	1	16	923748	923733	1.1	32.2
seq1	scaffold381	100.000	16	0	0	1	16	988888	988873	1.1	32.2
seq1	scaffold381	100.000	16	0	0	1	16	995411	995396	1.1	32.2
seq1	scaffold380	100.000	16	0	0	1	16	21772	21757	1.1	32.2
seq1	scaffold380	100.000	16	0	0	1	16	23563	23548	1.1	32.2
seq1	scaffold357	100.000	16	0	0	1	16	855	840	1.1	32.2
seq1	scaffold357	100.000	16	0	0	1	16	859	844	1.1	32.2
seq1	scaffold357	100.000	16	0	0	1	16	16664	16649	1.1	32.2
seq1	scaffold353	100.000	16	0	0	1	16	1169826	1169841	1.1	32.2
seq1	scaffold352	100.000	16	0	0	1	16	197272	197257	1.1	32.2
seq1	scaffold352	100.000	15	0	0	1	15	197268	197254	4.3	30.2
seq1	scaffold321	100.000	16	0	0	1	16	7606249	7606234	1.1	32.2
seq1	scaffold321	100.000	15	0	0	1	15	14188513	14188527	4.3	30.2
seq1	scaffold320	100.000	16	0	0	1	16	2762164	2762149	1.1	32.2
seq1	scaffold317	100.000	16	0	0	1	16	583075	583090	1.1	32.2
seq1	scaffold312	100.000	16	0	0	1	16	763754	763769	1.1	32.2
seq1	scaffold312	100.000	16	0	0	1	16	1176706	1176691	1.1	32.2
seq1	scaffold312	100.000	16	0	0	1	16	1968798	1968783	1.1	32.2
seq1	scaffold302	100.000	16	0	0	1	16	434170	434185	1.1	32.2
seq1	scaffold302	100.000	16	0	0	1	16	434174	434189	1.1	32.2
seq1	scaffold277	100.000	16	0	0	1	16	373493	373478	1.1	32.2
seq1	scaffold275	100.000	16	0	0	1	16	53117	53132	1.1	32.2
seq1	scaffold229	100.000	16	0	0	1	16	330149	330164	1.1	32.2
seq1	scaffold178	100.000	16	0	0	1	16	36802	36817	1.1	32.2
seq1	scaffold178	100.000	16	0	0	1	16	36806	36821	1.1	32.2
seq1	scaffold178	100.000	16	0	0	1	16	36810	36825	1.1	32.2
seq1	scaffold178	100.000	15	0	0	1	15	29342	29356	4.3	30.2
seq1	scaffold166	100.000	16	0	0	1	16	344978	344963	1.1	32.2
seq1	scaffold149	100.000	16	0	0	1	16	12489	12474	1.1	32.2
seq1	scaffold149	100.000	15	0	0	1	15	12485	12471	4.3	30.2
seq1	scaffold148	100.000	16	0	0	1	16	13464	13449	1.1	32.2
seq1	scaffold148	100.000	15	0	0	1	15	13460	13446	4.3	30.2
seq1	scaffold135	100.000	16	0	0	1	16	10963418	10963403	1.1	32.2
seq1	scaffold128	100.000	16	0	0	1	16	26664	26679	1.1	32.2
seq1	scaffold128	100.000	16	0	0	1	16	34217	34232	1.1	32.2
seq1	scaffold128	100.000	16	0	0	1	16	34221	34236	1.1	32.2
seq1	scaffold128	100.000	16	0	0	1	16	34225	34240	1.1	32.2
seq1	scaffold109	100.000	16	0	0	1	16	69916	69931	1.1	32.2
seq1	scaffold57	100.000	16	0	0	1	16	2285562	2285577	1.1	32.2
seq1	scaffold54	100.000	16	0	0	1	16	268638	268623	1.1	32.2
seq1	scaffold54	100.000	16	0	0	1	16	306139	306124	1.1	32.2
seq1	scaffold54	100.000	16	0	0	1	16	313212	313197	1.1	32.2
seq1	scaffold44	100.000	16	0	0	1	16	390633	390618	1.1	32.2
seq1	scaffold44	100.000	15	0	0	1	15	377737	377723	4.3	30.2
seq1	scaffold39	100.000	16	0	0	1	16	1168795	1168780	1.1	32.2
seq1	scaffold39	100.000	16	0	0	1	16	1461859	1461874	1.1	32.2
seq1	scaffold39	100.000	16	0	0	1	16	1469284	1469299	1.1	32.2
seq1	scaffold35	100.000	16	0	0	1	16	5024346	5024331	1.1	32.2
seq1	scaffold33	100.000	16	0	0	1	16	334869	334884	1.1	32.2
seq1	scaffold33	100.000	16	0	0	1	16	342438	342453	1.1	32.2
seq1	scaffold26	100.000	16	0	0	1	16	1070932	1070947	1.1	32.2
seq1	scaffold26	100.000	16	0	0	1	16	1070936	1070951	1.1	32.2
seq1	scaffold26	100.000	16	0	0	1	16	1070940	1070955	1.1	32.2
seq1	scaffold26	100.000	16	0	0	1	16	1070944	1070959	1.1	32.2
seq1	scaffold9367_1	100.000	16	0	0	1	16	127995	127980	1.1	32.2
seq1	scaffold9367_1	100.000	16	0	0	1	16	135627	135612	1.1	32.2
seq1	scaffold9367_1	100.000	16	0	0	1	16	143258	143243	1.1	32.2
seq1	scaffold8441_1	100.000	16	0	0	1	16	11941	11926	1.1	32.2
seq1	scaffold829_1	100.000	16	0	0	1	16	2186583	2186568	1.1	32.2
seq1	scaffold829_1	100.000	16	0	0	1	16	2186587	2186572	1.1	32.2
seq1	scaffold829_1	100.000	16	0	0	1	16	2194050	2194035	1.1	32.2
seq1	scaffold829_1	100.000	16	0	0	1	16	2194054	2194039	1.1	32.2
seq1	scaffold5158_1	100.000	16	0	0	1	16	57185	57200	1.1	32.2
seq1	scaffold5128_1	100.000	16	0	0	1	16	453481	453466	1.1	32.2
seq1	scaffold5128_1	100.000	16	0	0	1	16	460500	460485	1.1	32.2
seq1	scaffold4894_1	100.000	16	0	0	1	16	38455	38440	1.1	32.2
seq1	scaffold42610_1	100.000	16	0	0	1	16	8355	8340	1.1	32.2
seq1	scaffold3623_1	100.000	16	0	0	1	16	676118	676133	1.1	32.2
seq1	scaffold35030_1	100.000	16	0	0	1	16	9000	8985	1.1	32.2
seq1	scaffold3482_1	100.000	16	0	0	1	16	1350	1335	1.1	32.2
seq1	scaffold31132_2	100.000	16	0	0	1	16	8997	8982	1.1	32.2
seq1	scaffold31132_2	100.000	15	0	0	2	16	9000	8986	4.3	30.2
seq1	scaffold31132_1	100.000	16	0	0	1	16	8997	8982	1.1	32.2
seq1	scaffold31132_1	100.000	15	0	0	2	16	9000	8986	4.3	30.2
seq1	scaffold2637_1	100.000	16	0	0	1	16	219402	219387	1.1	32.2
seq1	scaffold2637_1	100.000	16	0	0	1	16	227104	227089	1.1	32.2
seq1	scaffold2389_1	100.000	16	0	0	1	16	592860	592875	1.1	32.2
seq1	scaffold22241_1	100.000	16	0	0	1	16	7319	7304	1.1	32.2
seq1	scaffold1486955_1	100.000	16	0	0	1	16	1277	1292	1.1	32.2
seq1	scaffold1486220_2	100.000	16	0	0	1	16	530	515	1.1	32.2
seq1	scaffold1486220_1	100.000	16	0	0	1	16	530	515	1.1	32.2
seq1	scaffold148_1	100.000	16	0	0	1	16	13464	13449	1.1	32.2
seq1	scaffold148_1	100.000	15	0	0	1	15	13460	13446	4.3	30.2
seq1	scaffold13689_1	100.000	16	0	0	1	16	168114	168099	1.1	32.2
seq1	scaffold13689_1	100.000	16	0	0	1	16	168118	168103	1.1	32.2
seq1	scaffold13689_1	100.000	16	0	0	1	16	168122	168107	1.1	32.2
seq1	scaffold12831_1	100.000	16	0	0	1	16	1977468	1977453	1.1	32.2
seq1	scaffold12831_1	100.000	16	0	0	1	16	1985073	1985058	1.1	32.2
seq1	scaffold12831_1	100.000	16	0	0	1	16	2082748	2082733	1.1	32.2
seq1	scaffold12831_1	100.000	16	0	0	1	16	2085151	2085136	1.1	32.2
seq1	scaffold12831_1	100.000	16	0	0	1	16	2178911	2178896	1.1	32.2
seq1	scaffold12831_1	100.000	16	0	0	1	16	2186524	2186509	1.1	32.2
seq1	scaffold984_1.1	100.000	16	0	0	1	16	43871	43886	1.1	32.2
seq1	scaffold9243_1.1	100.000	16	0	0	1	16	386410	386425	1.1	32.2
seq1	scaffold8685_1.1	100.000	16	0	0	1	16	38863	38878	1.1	32.2
seq1	scaffold716_1.1	100.000	16	0	0	1	16	30178	30193	1.1	32.2
seq1	scaffold716_1.1	100.000	16	0	0	1	16	30182	30197	1.1	32.2
seq1	scaffold54_1.1	100.000	16	0	0	1	16	96846	96831	1.1	32.2
seq1	scaffold54_1.1	100.000	16	0	0	1	16	134347	134332	1.1	32.2
seq1	scaffold54_1.1	100.000	16	0	0	1	16	141420	141405	1.1	32.2
seq1	scaffold491_0.1	100.000	16	0	0	1	16	87715	87730	1.1	32.2
seq1	scaffold4436_1.1	100.000	16	0	0	1	16	134375	134390	1.1	32.2
seq1	scaffold4436_1.1	100.000	15	0	0	2	16	155444	155458	4.3	30.2
seq1	scaffold419_1.1	100.000	16	0	0	1	16	1545534	1545519	1.1	32.2
seq1	scaffold381_3.1	100.000	16	0	0	1	16	21581	21566	1.1	32.2
seq1	scaffold381_3.1	100.000	16	0	0	1	16	28104	28089	1.1	32.2
seq1	scaffold3481_1.1	100.000	16	0	0	1	16	167706	167691	1.1	32.2
seq1	scaffold26995_1.1	100.000	16	0	0	1	16	36670	36655	1.1	32.2
seq1	scaffold2172_1.2	100.000	16	0	0	1	16	187427	187442	1.1	32.2
seq1	scaffold2172_1.1	100.000	16	0	0	1	16	187427	187442	1.1	32.2
seq1	scaffold2001_0.1	100.000	16	0	0	1	16	95893	95878	1.1	32.2
seq1	scaffold18782_2.1	100.000	16	0	0	1	16	37284	37299	1.1	32.2
seq1	scaffold14661_1.1	100.000	16	0	0	1	16	94295	94280	1.1	32.2
seq1	scaffold1307_1.1	100.000	16	0	0	1	16	341958	341973	1.1	32.2
seq1	scaffold5944_b	100.000	16	0	0	1	16	160644	160659	1.1	32.2
seq1	scaffold46_b	100.000	16	0	0	1	16	4302584	4302599	1.1	32.2
seq1	scaffold3718_a	100.000	16	0	0	1	16	162422	162407	1.1	32.2
seq1	scaffold3718_a	100.000	15	0	0	1	15	819837	819823	4.3	30.2
seq1	scaffold2868_a	100.000	16	0	0	1	16	499332	499347	1.1	32.2
seq1	scaffold2648_b	100.000	16	0	0	1	16	108549	108564	1.1	32.2
seq1	scaffold2648_a	100.000	16	0	0	1	16	1047527	1047542	1.1	32.2
seq1	scaffold2648_a	100.000	16	0	0	1	16	3335256	3335271	1.1	32.2
seq1	scaffold2236_b	100.000	16	0	0	1	16	1794443	1794428	1.1	32.2
seq1	scaffold2236_b	100.000	16	0	0	1	16	1794447	1794432	1.1	32.2
seq1	scaffold2236_b	100.000	16	0	0	1	16	1794451	1794436	1.1	32.2
seq1	scaffold2236_b	100.000	16	0	0	1	16	4051356	4051341	1.1	32.2
seq1	scaffold1389_a	100.000	16	0	0	1	16	692181	692166	1.1	32.2
seq1	scaffold1247_a	100.000	16	0	0	1	16	5415870	5415855	1.1	32.2
seq1	scaffold1247_a	100.000	16	0	0	1	16	5415874	5415859	1.1	32.2
seq1	scaffold1247_a	100.000	16	0	0	1	16	5454949	5454934	1.1	32.2
seq1	scaffold8465_b	100.000	16	0	0	1	16	63569	63584	1.1	32.2
seq1	scaffold8465_b	100.000	16	0	0	1	16	76438	76423	1.1	32.2
seq1	scaffold8465_a	100.000	16	0	0	1	16	32110	32095	1.1	32.2
seq1	scaffold8465_a	100.000	16	0	0	1	16	32114	32099	1.1	32.2
seq1	scaffold8465_a	100.000	16	0	0	1	16	41412	41397	1.1	32.2
seq1	scaffold8465_a	100.000	16	0	0	1	16	69075	69090	1.1	32.2
seq1	scaffold8465_a	100.000	16	0	0	1	16	69079	69094	1.1	32.2
seq1	scaffold8465_a	100.000	16	0	0	1	16	132426	132441	1.1	32.2
seq1	scaffold8465_a	100.000	16	0	0	1	16	305782	305797	1.1	32.2
seq1	scaffold8465_a	100.000	16	0	0	1	16	344972	344957	1.1	32.2
seq1	scaffold8465_a	100.000	16	0	0	1	16	352612	352597	1.1	32.2
seq1	scaffold8465_a	100.000	16	0	0	1	16	360252	360237	1.1	32.2
seq1	scaffold8465_a	100.000	16	0	0	1	16	367781	367766	1.1	32.2
seq1	scaffold8465_a	100.000	16	0	0	1	16	1081205	1081220	1.1	32.2
seq1	scaffold8465_a	100.000	16	0	0	1	16	1088858	1088873	1.1	32.2
seq1	scaffold8465_a	100.000	16	0	0	1	16	2143547	2143562	1.1	32.2
seq1	scaffold7167_a	100.000	16	0	0	1	16	277201	277186	1.1	32.2
seq1	scaffold7167_a	100.000	16	0	0	1	16	284607	284592	1.1	32.2
seq1	scaffold5304_b	100.000	16	0	0	1	16	1184079	1184094	1.1	32.2
seq1	scaffold5304_a	100.000	16	0	0	1	16	1977	1962	1.1	32.2
seq1	scaffold3957_a	100.000	16	0	0	1	16	3254928	3254943	1.1	32.2
seq1	scaffold3957_a	100.000	16	0	0	1	16	3254932	3254947	1.1	32.2
seq1	scaffold387_a	100.000	16	0	0	1	16	1247901	1247886	1.1	32.2
seq1	scaffold387_a	100.000	16	0	0	1	16	1343171	1343186	1.1	32.2
seq1	scaffold387_a	100.000	15	0	0	1	15	1365966	1365980	4.3	30.2
seq1	scaffold3712_a	100.000	16	0	0	1	16	1375957	1375942	1.1	32.2
seq1	scaffold3712_a	100.000	16	0	0	1	16	1375961	1375946	1.1	32.2
seq1	scaffold3712_a	100.000	16	0	0	1	16	1375965	1375950	1.1	32.2
seq1	scaffold3712_a	100.000	16	0	0	1	16	1501776	1501791	1.1	32.2
seq1	scaffold3712_a	100.000	16	0	0	1	16	2129446	2129431	1.1	32.2
seq1	scaffold3712_a	100.000	16	0	0	1	16	2129450	2129435	1.1	32.2
seq1	scaffold3712_a	100.000	16	0	0	1	16	2129454	2129439	1.1	32.2
seq1	scaffold3712_a	100.000	16	0	0	1	16	3180269	3180284	1.1	32.2
seq1	scaffold3712_a	100.000	16	0	0	1	16	3180273	3180288	1.1	32.2
seq1	scaffold3712_a	100.000	16	0	0	1	16	3206222	3206207	1.1	32.2
seq1	scaffold3712_a	100.000	15	0	0	1	15	1665443	1665429	4.3	30.2
seq1	scaffold351_c	100.000	16	0	0	1	16	1004571	1004556	1.1	32.2
seq1	scaffold2825_a	100.000	16	0	0	1	16	416	401	1.1	32.2
seq1	scaffold2825_a	100.000	16	0	0	1	16	31876	31861	1.1	32.2
seq1	scaffold2825_a	100.000	16	0	0	1	16	31880	31865	1.1	32.2
seq1	scaffold2825_a	100.000	16	0	0	1	16	31884	31869	1.1	32.2
seq1	scaffold240_b1	100.000	16	0	0	1	16	539630	539615	1.1	32.2
seq1	scaffold240_b	100.000	16	0	0	1	16	539630	539615	1.1	32.2
seq1	scaffold1488435	100.000	15	0	0	1	15	1944	1930	4.3	30.2
seq1	scaffold22485	100.000	15	0	0	1	15	163877	163863	4.3	30.2
seq1	scaffold19148	100.000	15	0	0	1	15	5660	5674	4.3	30.2
seq1	scaffold18548	100.000	15	0	0	1	15	8242	8228	4.3	30.2
seq1	scaffold18548	100.000	15	0	0	1	15	288204	288218	4.3	30.2
seq1	scaffold17139	100.000	15	0	0	2	16	1454291	1454305	4.3	30.2
seq1	scaffold17139	100.000	15	0	0	1	15	1454294	1454308	4.3	30.2
seq1	scaffold14912	100.000	15	0	0	1	15	1944	1930	4.3	30.2
seq1	scaffold14330	100.000	15	0	0	1	15	69369	69355	4.3	30.2
seq1	scaffold10595	100.000	15	0	0	1	15	18765	18751	4.3	30.2
seq1	scaffold9815	100.000	15	0	0	1	15	2694250	2694264	4.3	30.2
seq1	scaffold8837	100.000	15	0	0	2	16	1275	1261	4.3	30.2
seq1	scaffold8837	100.000	15	0	0	2	16	8651	8637	4.3	30.2
seq1	scaffold8778	100.000	15	0	0	1	15	1206485	1206471	4.3	30.2
seq1	scaffold8704	100.000	15	0	0	2	16	305989	306003	4.3	30.2
seq1	scaffold8704	100.000	15	0	0	1	15	305992	306006	4.3	30.2
seq1	scaffold8029	100.000	15	0	0	1	15	56724	56738	4.3	30.2
seq1	scaffold7170	100.000	15	0	0	1	15	772592	772578	4.3	30.2
seq1	scaffold6660	100.000	15	0	0	2	16	60923	60937	4.3	30.2
seq1	scaffold6660	100.000	15	0	0	1	15	60926	60940	4.3	30.2
seq1	scaffold4931	100.000	15	0	0	1	15	1636706	1636692	4.3	30.2
seq1	scaffold4872	100.000	15	0	0	1	15	21482	21468	4.3	30.2
seq1	scaffold4871	100.000	15	0	0	1	15	13644	13658	4.3	30.2
seq1	scaffold3636	100.000	15	0	0	2	16	5836503	5836517	4.3	30.2
seq1	scaffold3380	100.000	15	0	0	1	15	3552781	3552795	4.3	30.2
seq1	scaffold3307	100.000	15	0	0	1	15	1071847	1071861	4.3	30.2
seq1	scaffold3231	100.000	15	0	0	1	15	65488	65474	4.3	30.2
seq1	scaffold2431	100.000	15	0	0	1	15	1233695	1233681	4.3	30.2
seq1	scaffold2301	100.000	15	0	0	1	15	498869	498883	4.3	30.2
seq1	scaffold873	100.000	15	0	0	1	15	492616	492602	4.3	30.2
seq1	scaffold31	100.000	15	0	0	1	15	6671678	6671692	4.3	30.2
seq1	scaffold31	100.000	15	0	0	1	15	10221418	10221432	4.3	30.2
seq1	scaffold8419_0.1	100.000	15	0	0	1	15	589578	589564	4.3	30.2
seq1	scaffold3990_0.1	100.000	15	0	0	2	16	329166	329180	4.3	30.2
seq1	scaffold3990_0.1	100.000	15	0	0	2	16	336542	336556	4.3	30.2
seq2	scaffold1489168	100.000	16	0	0	1	16	20965	20950	1.1	32.2
seq2	scaffold1489168	100.000	15	0	0	1	15	20952	20966	4.3	30.2
seq2	scaffold1488570	100.000	16	0	0	1	16	2157	2172	1.1	32.2
seq2	scaffold1488570	100.000	15	0	0	2	16	2173	2159	4.3	30.2
seq2	scaffold1487414	100.000	16	0	0	1	16	46751	46766	1.1	32.2
seq2	scaffold1487414	100.000	15	0	0	1	15	46764	46750	4.3	30.2
seq2	scaffold77418	100.000	16	0	0	1	16	30160	30145	1.1	32.2
seq2	scaffold77418	100.000	15	0	0	2	16	30144	30158	4.3	30.2
seq2	scaffold77418	100.000	15	0	0	1	15	30147	30161	4.3	30.2
seq2	scaffold43764	100.000	16	0	0	1	16	26724	26739	1.1	32.2
seq2	scaffold43764	100.000	16	0	0	1	16	26741	26726	1.1	32.2
seq2	scaffold43764	100.000	15	0	0	1	15	26737	26723	4.3	30.2
seq2	scaffold41387	100.000	16	0	0	1	16	20482	20497	1.1	32.2
seq2	scaffold41387	100.000	15	0	0	1	15	20495	20481	4.3	30.2
seq2	scaffold33789	100.000	16	0	0	1	16	14123473	14123458	1.1	32.2
seq2	scaffold33789	100.000	16	0	0	1	16	14123460	14123475	1.1	32.2
seq2	scaffold33789	100.000	15	0	0	2	16	14123457	14123471	4.3	30.2
seq2	scaffold33789	100.000	15	0	0	2	16	14123476	14123462	4.3	30.2
seq2	scaffold31993	100.000	16	0	0	1	16	890462	890447	1.1	32.2
seq2	scaffold31993	100.000	15	0	0	2	16	890446	890460	4.3	30.2
seq2	scaffold31993	100.000	15	0	0	1	15	890449	890463	4.3	30.2
seq2	scaffold28918	100.000	16	0	0	1	16	45634	45649	1.1	32.2
seq2	scaffold28918	100.000	16	0	0	1	16	45651	45636	1.1	32.2
seq2	scaffold28918	100.000	15	0	0	1	15	45638	45652	4.3	30.2
seq2	scaffold28917	100.000	16	0	0	1	16	45634	45649	1.1	32.2
seq2	scaffold28917	100.000	16	0	0	1	16	45651	45636	1.1	32.2
seq2	scaffold28917	100.000	15	0	0	1	15	45638	45652	4.3	30.2
seq2	scaffold18251	100.000	16	0	0	1	16	975864	975879	1.1	32.2
seq2	scaffold16317	100.000	16	0	0	1	16	1591462	1591477	1.1	32.2
seq2	scaffold16317	100.000	16	0	0	1	16	1591479	1591464	1.1	32.2
seq2	scaffold16317	100.000	15	0	0	1	15	1591475	1591461	4.3	30.2
seq2	scaffold15284	100.000	16	0	0	1	16	3819	3804	1.1	32.2
seq2	scaffold15284	100.000	15	0	0	2	16	3803	3817	4.3	30.2
seq2	scaffold15284	100.000	15	0	0	1	15	3806	3820	4.3	30.2
seq2	scaffold15283	100.000	16	0	0	1	16	518928	518913	1.1	32.2
seq2	scaffold15283	100.000	15	0	0	2	16	518912	518926	4.3	30.2
seq2	scaffold15283	100.000	15	0	0	1	15	518915	518929	4.3	30.2
seq2	scaffold12434	100.000	16	0	0	1	16	376783	376768	1.1	32.2
seq2	scaffold12434	100.000	15	0	0	2	16	376767	376781	4.3	30.2
seq2	scaffold12094	100.000	16	0	0	1	16	396441	396426	1.1	32.2
seq2	scaffold12094	100.000	15	0	0	2	16	396425	396439	4.3	30.2
seq2	scaffold12094	100.000	15	0	0	1	15	396428	396442	4.3	30.2
seq2	scaffold8608	100.000	16	0	0	1	16	3427195	3427210	1.1	32.2
seq2	scaffold8608	100.000	15	0	0	1	15	3427208	3427194	4.3	30.2
seq2	scaffold8417	100.000	16	0	0	1	16	678174	678189	1.1	32.2
seq2	scaffold8417	100.000	15	0	0	1	15	678187	678173	4.3	30.2
seq2	scaffold8335	100.000	16	0	0	1	16	395702	395717	1.1	32.2
seq2	scaffold8335	100.000	15	0	0	1	15	395715	395701	4.3	30.2
seq2	scaffold8335	100.000	15	0	0	2	16	395718	395704	4.3	30.2
seq2	scaffold8335	100.000	15	0	0	1	15	472117	472103	4.3	30.2
seq2	scaffold8335	100.000	15	0	0	1	15	544376	544362	4.3	30.2
seq2	scaffold8335	100.000	15	0	0	1	15	544363	544377	4.3	30.2
seq2	scaffold8057	100.000	16	0	0	1	16	18209	18194	1.1	32.2
seq2	scaffold8057	100.000	15	0	0	2	16	18193	18207	4.3	30.2
seq2	scaffold8049	100.000	16	0	0	1	16	193273	193258	1.1	32.2
seq2	scaffold8049	100.000	16	0	0	1	16	208031	208016	1.1	32.2
seq2	scaffold8049	100.000	16	0	0	1	16	208018	208033	1.1	32.2
seq2	scaffold8049	100.000	15	0	0	2	16	193257	193271	4.3	30.2
seq2	scaffold8049	100.000	15	0	0	2	16	208034	208020	4.3	30.2
seq2	scaffold7787	100.000	16	0	0	1	16	1693101	1693116	1.1	32.2
seq2	scaffold7787	100.000	15	0	0	2	16	1693117	1693103	4.3	30.2
seq2	scaffold7455	100.000	16	0	0	1	16	1411594	1411579	1.1	32.2
seq2	scaffold7455	100.000	15	0	0	1	15	876501	876487	4.3	30.2
seq2	scaffold7455	100.000	15	0	0	1	15	1411581	1411595	4.3	30.2
seq2	scaffold7366	100.000	16	0	0	1	16	1904929	1904914	1.1	32.2
seq2	scaffold6974	100.000	16	0	0	1	16	239412	239427	1.1	32.2
seq2	scaffold6974	100.000	15	0	0	2	16	239428	239414	4.3	30.2
seq2	scaffold6921	100.000	16	0	0	1	16	2684685	2684670	1.1	32.2
seq2	scaffold6921	100.000	16	0	0	1	16	2684672	2684687	1.1	32.2
seq2	scaffold6921	100.000	15	0	0	2	16	2684669	2684683	4.3	30.2
seq2	scaffold6921	100.000	15	0	0	2	16	2684688	2684674	4.3	30.2
seq2	scaffold6029	100.000	16	0	0	1	16	7782259	7782274	1.1	32.2
seq2	scaffold6029	100.000	15	0	0	1	15	7782272	7782258	4.3	30.2
seq2	scaffold5740	100.000	16	0	0	1	16	3736901	3736916	1.1	32.2
seq2	scaffold5568	100.000	16	0	0	1	16	1350650	1350665	1.1	32.2
seq2	scaffold5568	100.000	16	0	0	1	16	1350667	1350652	1.1	32.2
seq2	scaffold5568	100.000	15	0	0	1	15	1350654	1350668	4.3	30.2
seq2	scaffold5551	100.000	16	0	0	1	16	3309950	3309935	1.1	32.2
seq2	scaffold5551	100.000	15	0	0	2	16	3309934	3309948	4.3	30.2
seq2	scaffold5551	100.000	15	0	0	1	15	3309937	3309951	4.3	30.2
seq2	scaffold5466	100.000	16	0	0	1	16	700522	700507	1.1	32.2
seq2	scaffold5466	100.000	15	0	0	2	16	700506	700520	4.3	30.2
seq2	scaffold5466	100.000	15	0	0	1	15	700509	700523	4.3	30.2
seq2	scaffold5408	100.000	16	0	0	1	16	27270	27255	1.1	32.2
seq2	scaffold5408	100.000	15	0	0	1	15	27257	27271	4.3	30.2
seq2	scaffold5358	100.000	16	0	0	1	16	7222994	7222979	1.1	32.2
seq2	scaffold5358	100.000	15	0	0	1	15	7222981	7222995	4.3	30.2
seq2	scaffold5201	100.000	16	0	0	1	16	1127055	1127070	1.1	32.2
seq2	scaffold5201	100.000	15	0	0	1	15	16709	16723	4.3	30.2
seq2	scaffold5201	100.000	15	0	0	2	16	1127071	1127057	4.3	30.2
seq2	scaffold5048	100.000	16	0	0	1	16	148672	148657	1.1	32.2
seq2	scaffold4876	100.000	16	0	0	1	16	84355	84370	1.1	32.2
seq2	scaffold4876	100.000	15	0	0	1	15	84368	84354	4.3	30.2
seq2	scaffold4876	100.000	15	0	0	2	16	84371	84357	4.3	30.2
seq2	scaffold4729	100.000	16	0	0	1	16	201089	201074	1.1	32.2
seq2	scaffold4729	100.000	15	0	0	2	16	201073	201087	4.3	30.2
seq2	scaffold4592	100.000	16	0	0	1	16	2994581	2994566	1.1	32.2
seq2	scaffold4592	100.000	15	0	0	2	16	322464	322450	4.3	30.2
seq2	scaffold4592	100.000	15	0	0	1	15	2994568	2994582	4.3	30.2
seq2	scaffold4321	100.000	16	0	0	1	16	1459624	1459639	1.1	32.2
seq2	scaffold4321	100.000	16	0	0	1	16	1459641	1459626	1.1	32.2
seq2	scaffold4321	100.000	16	0	0	1	16	1459628	1459643	1.1	32.2
seq2	scaffold4321	100.000	15	0	0	1	15	1459637	1459623	4.3	30.2
seq2	scaffold4248	100.000	16	0	0	1	16	58018	58003	1.1	32.2
seq2	scaffold4248	100.000	15	0	0	1	15	58005	58019	4.3	30.2
seq2	scaffold4193	100.000	16	0	0	1	16	1958600	1958585	1.1	32.2
seq2	scaffold4193	100.000	15	0	0	2	16	1958584	1958598	4.3	30.2
seq2	scaffold4193	100.000	15	0	0	1	15	1958587	1958601	4.3	30.2
seq2	scaffold4108	100.000	16	0	0	1	16	2199019	2199034	1.1	32.2
seq2	scaffold4108	100.000	16	0	0	1	16	2199036	2199021	1.1	32.2
seq2	scaffold4108	100.000	15	0	0	1	15	2199023	2199037	4.3	30.2
seq2	scaffold3678	100.000	16	0	0	1	16	3475400	3475415	1.1	32.2
seq2	scaffold3678	100.000	16	0	0	1	16	3475417	3475402	1.1	32.2
seq2	scaffold3678	100.000	15	0	0	1	15	3475413	3475399	4.3	30.2
seq2	scaffold3678	100.000	15	0	0	1	15	14764444	14764458	4.3	30.2
seq2	scaffold3169	100.000	16	0	0	1	16	196508	196493	1.1	32.2
seq2	scaffold3169	100.000	16	0	0	1	16	1386177	1386192	1.1	32.2
seq2	scaffold3169	100.000	15	0	0	2	16	196492	196506	4.3	30.2
seq2	scaffold3033	100.000	16	0	0	1	16	26174441	26174456	1.1	32.2
seq2	scaffold3033	100.000	16	0	0	1	16	29010281	29010296	1.1	32.2
seq2	scaffold3033	100.000	16	0	0	1	16	29010298	29010283	1.1	32.2
seq2	scaffold3033	100.000	15	0	0	1	15	26174454	26174440	4.3	30.2
seq2	scaffold2869	100.000	16	0	0	1	16	1276438	1276453	1.1	32.2
seq2	scaffold2869	100.000	15	0	0	2	16	1276454	1276440	4.3	30.2
seq2	scaffold2841	100.000	16	0	0	1	16	2811464	2811449	1.1	32.2
seq2	scaffold2841	100.000	15	0	0	1	15	2811451	2811465	4.3	30.2
seq2	scaffold2807	100.000	16	0	0	1	16	69693	69678	1.1	32.2
seq2	scaffold2807	100.000	15	0	0	2	16	69677	69691	4.3	30.2
seq2	scaffold2807	100.000	15	0	0	1	15	69680	69694	4.3	30.2
seq2	scaffold2803	100.000	16	0	0	1	16	2499010	2499025	1.1	32.2
seq2	scaffold2803	100.000	15	0	0	2	16	2499026	2499012	4.3	30.2
seq2	scaffold2803	100.000	15	0	0	1	15	6375450	6375464	4.3	30.2
seq2	scaffold2803	100.000	15	0	0	1	15	6402273	6402287	4.3	30.2
seq2	scaffold2710	100.000	16	0	0	1	16	90197	90212	1.1	32.2
seq2	scaffold2710	100.000	16	0	0	1	16	90214	90199	1.1	32.2
seq2	scaffold2422	100.000	16	0	0	1	16	1683187	1683202	1.1	32.2
seq2	scaffold2422	100.000	16	0	0	1	16	2488057	2488072	1.1	32.2
seq2	scaffold2422	100.000	16	0	0	1	16	2488074	2488059	1.1	32.2
seq2	scaffold2422	100.000	15	0	0	1	15	1683200	1683186	4.3	30.2
seq2	scaffold2422	100.000	15	0	0	1	15	2488061	2488075	4.3	30.2
seq2	scaffold2267	100.000	16	0	0	1	16	8546622	8546607	1.1	32.2
seq2	scaffold2267	100.000	15	0	0	1	15	5389317	5389331	4.3	30.2
seq2	scaffold2267	100.000	15	0	0	2	16	8546606	8546620	4.3	30.2
seq2	scaffold2267	100.000	15	0	0	1	15	10922518	10922504	4.3	30.2
seq2	scaffold1835	100.000	16	0	0	1	16	358080	358095	1.1	32.2
seq2	scaffold1835	100.000	16	0	0	1	16	382887	382902	1.1	32.2
seq2	scaffold1835	100.000	15	0	0	2	16	358096	358082	4.3	30.2
seq2	scaffold1835	100.000	15	0	0	2	16	382903	382889	4.3	30.2
seq2	scaffold1745	100.000	16	0	0	1	16	1320895	1320880	1.1	32.2
seq2	scaffold1745	100.000	15	0	0	1	15	258521	258507	4.3	30.2
seq2	scaffold1745	100.000	15	0	0	1	15	258508	258522	4.3	30.2
seq2	scaffold1492	100.000	16	0	0	1	16	2589415	2589400	1.1	32.2
seq2	scaffold1492	100.000	15	0	0	2	16	2589399	2589413	4.3	30.2
seq2	scaffold1492	100.000	15	0	0	1	15	3000286	3000272	4.3	30.2
seq2	scaffold1484	100.000	16	0	0	1	16	287588	287603	1.1	32.2
seq2	scaffold1484	100.000	15	0	0	1	15	287601	287587	4.3	30.2
seq2	scaffold1390	100.000	16	0	0	1	16	3318609	3318624	1.1	32.2
seq2	scaffold1390	100.000	15	0	0	2	16	3318625	3318611	4.3	30.2
seq2	scaffold1216	100.000	16	0	0	1	16	1278385	1278400	1.1	32.2
seq2	scaffold1216	100.000	15	0	0	2	16	1278401	1278387	4.3	30.2
seq2	scaffold856	100.000	16	0	0	1	16	70595	70610	1.1	32.2
seq2	scaffold856	100.000	15	0	0	1	15	235112	235126	4.3	30.2
seq2	scaffold856	100.000	15	0	0	1	15	293647	293661	4.3	30.2
seq2	scaffold449	100.000	16	0	0	1	16	648757	648742	1.1	32.2
seq2	scaffold449	100.000	15	0	0	1	15	1391267	1391253	4.3	30.2
seq2	scaffold384	100.000	16	0	0	1	16	1238831	1238846	1.1	32.2
seq2	scaffold277	100.000	16	0	0	1	16	1253609	1253624	1.1	32.2
seq2	scaffold277	100.000	15	0	0	1	15	1253622	1253608	4.3	30.2
seq2	scaffold277	100.000	15	0	0	1	15	2033030	2033044	4.3	30.2
seq2	scaffold137	100.000	16	0	0	1	16	136343	136358	1.1	32.2
seq2	scaffold135	100.000	16	0	0	1	16	2227645	2227630	1.1	32.2
seq2	scaffold135	100.000	16	0	0	1	16	8256384	8256369	1.1	32.2
seq2	scaffold135	100.000	15	0	0	1	15	8256371	8256385	4.3	30.2
seq2	scaffold71	100.000	16	0	0	1	16	680104	680089	1.1	32.2
seq2	scaffold71	100.000	15	0	0	1	15	680091	680105	4.3	30.2
seq2	scaffold856_1	100.000	16	0	0	1	16	70595	70610	1.1	32.2
seq2	scaffold856_1	100.000	15	0	0	1	15	235112	235126	4.3	30.2
seq2	scaffold856_1	100.000	15	0	0	1	15	293647	293661	4.3	30.2
seq2	scaffold8417_1	100.000	16	0	0	1	16	678174	678189	1.1	32.2
seq2	scaffold8417_1	100.000	15	0	0	1	15	678187	678173	4.3	30.2
seq2	scaffold8057_2	100.000	16	0	0	1	16	18209	18194	1.1	32.2
seq2	scaffold8057_2	100.000	15	0	0	2	16	18193	18207	4.3	30.2
seq2	scaffold8057_1	100.000	16	0	0	1	16	18209	18194	1.1	32.2
seq2	scaffold8057_1	100.000	15	0	0	2	16	18193	18207	4.3	30.2
seq2	scaffold77418_1	100.000	16	0	0	1	16	30160	30145	1.1	32.2
seq2	scaffold77418_1	100.000	15	0	0	2	16	30144	30158	4.3	30.2
seq2	scaffold77418_1	100.000	15	0	0	1	15	30147	30161	4.3	30.2
seq2	scaffold71_1	100.000	16	0	0	1	16	680104	680089	1.1	32.2
seq2	scaffold71_1	100.000	15	0	0	1	15	680091	680105	4.3	30.2
seq2	scaffold1488570_1	100.000	16	0	0	1	16	2157	2172	1.1	32.2
seq2	scaffold1488570_1	100.000	15	0	0	2	16	2173	2159	4.3	30.2
seq2	scaffold137_1	100.000	16	0	0	1	16	136343	136358	1.1	32.2
seq2	scaffold5466_1.1	100.000	16	0	0	1	16	149853	149838	1.1	32.2
seq2	scaffold5466_1.1	100.000	15	0	0	2	16	149837	149851	4.3	30.2
seq2	scaffold5466_1.1	100.000	15	0	0	1	15	149840	149854	4.3	30.2
seq2	scaffold4321_2.1	100.000	16	0	0	1	16	228455	228470	1.1	32.2
seq2	scaffold4321_2.1	100.000	16	0	0	1	16	228472	228457	1.1	32.2
seq2	scaffold4321_2.1	100.000	16	0	0	1	16	228459	228474	1.1	32.2
seq2	scaffold4321_2.1	100.000	15	0	0	1	15	228468	228454	4.3	30.2
seq2	scaffold384_1.1	100.000	16	0	0	1	16	302974	302989	1.1	32.2
seq2	scaffold1835_0.1	100.000	16	0	0	1	16	358079	358094	1.1	32.2
seq2	scaffold1835_0.1	100.000	16	0	0	1	16	382886	382901	1.1	32.2
seq2	scaffold1835_0.1	100.000	15	0	0	2	16	358095	358081	4.3	30.2
seq2	scaffold1835_0.1	100.000	15	0	0	2	16	382902	382888	4.3	30.2
seq2	scaffold6625_a	100.000	16	0	0	1	16	247469	247484	1.1	32.2
seq2	scaffold6625_a	100.000	16	0	0	1	16	247486	247471	1.1	32.2
seq2	scaffold3712_c	100.000	16	0	0	1	16	433470	433455	1.1	32.2
seq2	scaffold3712_c	100.000	16	0	0	1	16	1594709	1594724	1.1	32.2
seq2	scaffold3712_c	100.000	15	0	0	2	16	1594725	1594711	4.3	30.2
seq2	scaffold2303_a	100.000	16	0	0	1	16	516254	516269	1.1	32.2
seq2	scaffold110_a	100.000	16	0	0	1	16	485190	485175	1.1	32.2
seq2	scaffold110_a	100.000	15	0	0	2	16	485174	485188	4.3	30.2
seq2	scaffold1488858	100.000	15	0	0	2	16	2018	2032	4.3	30.2
seq2	scaffold32576	100.000	15	0	0	2	16	1874571	1874585	4.3	30.2
seq2	scaffold32576	100.000	15	0	0	2	16	1874586	1874572	4.3	30.2
seq2	scaffold32321	100.000	15	0	0	1	15	205414	205428	4.3	30.2
seq2	scaffold32321	100.000	15	0	0	1	15	3631560	3631546	4.3	30.2
seq2	scaffold32321	100.000	15	0	0	1	15	3631547	3631561	4.3	30.2
seq2	scaffold26436	100.000	15	0	0	1	15	33688	33674	4.3	30.2
seq2	scaffold22386	100.000	15	0	0	1	15	4974376	4974390	4.3	30.2
seq2	scaffold19115	100.000	15	0	0	1	15	2929489	2929503	4.3	30.2
seq2	scaffold18970	100.000	15	0	0	1	15	965031	965045	4.3	30.2
seq2	scaffold18970	100.000	15	0	0	2	16	1810364	1810378	4.3	30.2
seq2	scaffold18896	100.000	15	0	0	1	15	81699	81685	4.3	30.2
seq2	scaffold18896	100.000	15	0	0	1	15	81686	81700	4.3	30.2
seq2	scaffold18292	100.000	15	0	0	1	15	10839	10853	4.3	30.2
seq2	scaffold17281	100.000	15	0	0	2	16	24875	24861	4.3	30.2
seq2	scaffold16999	100.000	15	0	0	1	15	202453	202439	4.3	30.2
seq2	scaffold16999	100.000	15	0	0	1	15	202440	202454	4.3	30.2
seq2	scaffold15168	100.000	15	0	0	2	16	20286	20300	4.3	30.2
seq2	scaffold15168	100.000	15	0	0	2	16	20301	20287	4.3	30.2
seq2	scaffold13226	100.000	15	0	0	1	15	9742	9728	4.3	30.2
seq2	scaffold13130	100.000	15	0	0	2	16	22774	22788	4.3	30.2
seq2	scaffold13130	100.000	15	0	0	2	16	22789	22775	4.3	30.2
seq2	scaffold12831	100.000	15	0	0	2	16	892581	892595	4.3	30.2
seq2	scaffold12831	100.000	15	0	0	2	16	892596	892582	4.3	30.2
seq2	scaffold12499	100.000	15	0	0	1	15	3397738	3397752	4.3	30.2
seq2	scaffold12499	100.000	15	0	0	1	15	9406758	9406744	4.3	30.2
seq2	scaffold11391	100.000	15	0	0	1	15	8780	8794	4.3	30.2
seq2	scaffold10357	100.000	15	0	0	1	15	18186	18200	4.3	30.2
seq2	scaffold9775	100.000	15	0	0	1	15	7866671	7866657	4.3	30.2
seq2	scaffold8681	100.000	15	0	0	1	15	465399	465413	4.3	30.2
seq2	scaffold8422	100.000	15	0	0	1	15	392853	392839	4.3	30.2
seq2	scaffold6359	100.000	15	0	0	1	15	919159	919145	4.3	30.2
seq2	scaffold6359	100.000	15	0	0	1	15	919146	919160	4.3	30.2
seq2	scaffold6166	100.000	15	0	0	1	15	6224	6238	4.3	30.2
seq2	scaffold6097	100.000	15	0	0	1	15	254285	254271	4.3	30.2
seq2	scaffold6097	100.000	15	0	0	1	15	254272	254286	4.3	30.2
seq2	scaffold6080	100.000	15	0	0	1	15	3114467	3114453	4.3	30.2
seq2	scaffold6055	100.000	15	0	0	2	16	1040685	1040699	4.3	30.2
seq2	scaffold6055	100.000	15	0	0	2	16	1040700	1040686	4.3	30.2
seq2	scaffold5916	100.000	15	0	0	1	15	252205	252219	4.3	30.2
seq2	scaffold5576	100.000	15	0	0	1	15	93945	93959	4.3	30.2
seq2	scaffold5327	100.000	15	0	0	2	16	183648	183634	4.3	30.2
seq2	scaffold4950	100.000	15	0	0	2	16	8059800	8059786	4.3	30.2
seq2	scaffold4927	100.000	15	0	0	1	15	11760	11774	4.3	30.2
seq2	scaffold4797	100.000	15	0	0	1	15	400285	400299	4.3	30.2
seq2	scaffold4752	100.000	15	0	0	1	15	778947	778961	4.3	30.2
seq2	scaffold4522	100.000	15	0	0	1	15	1427527	1427541	4.3	30.2
seq2	scaffold4507	100.000	15	0	0	1	15	1027927	1027913	4.3	30.2
seq2	scaffold4244	100.000	15	0	0	1	15	5812663	5812677	4.3	30.2
seq2	scaffold4110	100.000	15	0	0	1	15	432979	432965	4.3	30.2
seq2	scaffold4110	100.000	15	0	0	1	15	460050	460036	4.3	30.2
seq2	scaffold4032	100.000	15	0	0	1	15	1476311	1476297	4.3	30.2
seq2	scaffold3912	100.000	15	0	0	1	15	21352	21338	4.3	30.2
seq2	scaffold3912	100.000	15	0	0	1	15	21339	21353	4.3	30.2
seq2	scaffold3778	100.000	15	0	0	1	15	54871	54857	4.3	30.2
seq2	scaffold3568	100.000	15	0	0	2	16	276344	276358	4.3	30.2
seq2	scaffold3568	100.000	15	0	0	2	16	276359	276345	4.3	30.2
seq2	scaffold3557	100.000	15	0	0	1	15	2871586	2871600	4.3	30.2
seq2	scaffold3481	100.000	15	0	0	1	15	252233	252219	4.3	30.2
seq2	scaffold3310	100.000	15	0	0	1	15	2900134	2900120	4.3	30.2
seq2	scaffold3310	100.000	15	0	0	1	15	2900121	2900135	4.3	30.2
seq2	scaffold3265	100.000	15	0	0	1	15	2430841	2430827	4.3	30.2
seq2	scaffold3152	100.000	15	0	0	2	16	18916183	18916197	4.3	30.2
seq2	scaffold3152	100.000	15	0	0	2	16	18916198	18916184	4.3	30.2
seq2	scaffold3152	100.000	15	0	0	1	15	20174399	20174385	4.3	30.2
seq2	scaffold3100	100.000	15	0	0	1	15	573169	573155	4.3	30.2
seq2	scaffold2993	100.000	15	0	0	2	16	3535047	3535033	4.3	30.2
seq2	scaffold2958	100.000	15	0	0	2	16	343224	343210	4.3	30.2
seq2	scaffold2935	100.000	15	0	0	1	15	776975	776989	4.3	30.2
seq2	scaffold2890	100.000	15	0	0	1	15	172324	172310	4.3	30.2
seq2	scaffold2883	100.000	15	0	0	1	15	535371	535357	4.3	30.2
seq2	scaffold2839	100.000	15	0	0	1	15	743845	743831	4.3	30.2
seq2	scaffold2596	100.000	15	0	0	1	15	2057168	2057154	4.3	30.2
seq2	scaffold2431	100.000	15	0	0	1	15	1059599	1059613	4.3	30.2
seq2	scaffold2307	100.000	15	0	0	2	16	10257916	10257902	4.3	30.2
seq2	scaffold2158	100.000	15	0	0	1	15	944097	944083	4.3	30.2
seq2	scaffold2158	100.000	15	0	0	1	15	944084	944098	4.3	30.2
seq2	scaffold2158	100.000	15	0	0	1	15	976478	976464	4.3	30.2
seq2	scaffold2158	100.000	15	0	0	1	15	976465	976479	4.3	30.2
seq2	scaffold2147	100.000	15	0	0	1	15	6114391	6114377	4.3	30.2
seq2	scaffold2006	100.000	15	0	0	1	15	1638702	1638716	4.3	30.2
seq2	scaffold1975	100.000	15	0	0	1	15	9782427	9782413	4.3	30.2
seq2	scaffold1975	100.000	15	0	0	1	15	9782414	9782428	4.3	30.2
seq2	scaffold1945	100.000	15	0	0	1	15	340807	340793	4.3	30.2
seq2	scaffold1785	100.000	15	0	0	2	16	400503	400517	4.3	30.2
seq2	scaffold1785	100.000	15	0	0	2	16	400518	400504	4.3	30.2
seq2	scaffold1211	100.000	15	0	0	1	15	13242128	13242114	4.3	30.2
seq2	scaffold1000	100.000	15	0	0	1	15	296187	296173	4.3	30.2
seq2	scaffold884	100.000	15	0	0	1	15	4102071	4102057	4.3	30.2
seq2	scaffold828	100.000	15	0	0	1	15	2342247	2342233	4.3	30.2
seq2	scaffold828	100.000	15	0	0	1	15	2342234	2342248	4.3	30.2
seq2	scaffold694	100.000	15	0	0	1	15	372930	372944	4.3	30.2
seq2	scaffold680	100.000	15	0	0	1	15	1645974	1645960	4.3	30.2
seq2	scaffold680	100.000	15	0	0	1	15	4340259	4340245	4.3	30.2
seq2	scaffold561	100.000	15	0	0	1	15	346262	346248	4.3	30.2
seq2	scaffold561	100.000	15	0	0	1	15	346249	346263	4.3	30.2
seq2	scaffold531	100.000	15	0	0	1	15	690632	690646	4.3	30.2
seq2	scaffold516	100.000	15	0	0	2	16	29069	29083	4.3	30.2
seq2	scaffold516	100.000	15	0	0	2	16	29084	29070	4.3	30.2
seq2	scaffold446	100.000	15	0	0	2	16	896037	896023	4.3	30.2
seq2	scaffold321	100.000	15	0	0	2	16	6481013	6481027	4.3	30.2
seq2	scaffold321	100.000	15	0	0	2	16	6481028	6481014	4.3	30.2
seq2	scaffold321	100.000	15	0	0	1	15	12823890	12823904	4.3	30.2
seq2	scaffold314	100.000	15	0	0	1	15	1647068	1647054	4.3	30.2
seq2	scaffold303	100.000	15	0	0	1	15	797657	797671	4.3	30.2
seq2	scaffold303	100.000	15	0	0	2	16	3908851	3908865	4.3	30.2
seq2	scaffold303	100.000	15	0	0	2	16	3954794	3954808	4.3	30.2
seq2	scaffold303	100.000	15	0	0	2	16	3954809	3954795	4.3	30.2
seq2	scaffold303	100.000	15	0	0	2	16	3975376	3975390	4.3	30.2
seq2	scaffold303	100.000	15	0	0	2	16	3975391	3975377	4.3	30.2
seq2	scaffold302	100.000	15	0	0	2	16	1779217	1779231	4.3	30.2
seq2	scaffold31	100.000	15	0	0	1	15	4327094	4327108	4.3	30.2
seq2	scaffold26	100.000	15	0	0	1	15	865005	864991	4.3	30.2
seq2	scaffold8681_1	100.000	15	0	0	1	15	465399	465413	4.3	30.2
seq2	scaffold446_1	100.000	15	0	0	2	16	896037	896023	4.3	30.2
seq2	scaffold18970_1	100.000	15	0	0	1	15	965031	965045	4.3	30.2
seq2	scaffold18970_1	100.000	15	0	0	2	16	1810364	1810378	4.3	30.2
seq2	scaffold1488858_1	100.000	15	0	0	2	16	2018	2032	4.3	30.2
seq2	scaffold13226_1	100.000	15	0	0	1	15	9742	9728	4.3	30.2
seq2	scaffold12831_1	100.000	15	0	0	2	16	892581	892595	4.3	30.2
seq2	scaffold12831_1	100.000	15	0	0	2	16	892596	892582	4.3	30.2
seq2	scaffold1000_1	100.000	15	0	0	1	15	296187	296173	4.3	30.2
seq2	scaffold694_1.1	100.000	15	0	0	1	15	205298	205312	4.3	30.2
seq2	scaffold6080_1.1	100.000	15	0	0	1	15	444928	444914	4.3	30.2
seq2	scaffold516_0.1	100.000	15	0	0	2	16	29068	29082	4.3	30.2
seq2	scaffold516_0.1	100.000	15	0	0	2	16	29083	29069	4.3	30.2
seq2	scaffold449_1.1	100.000	15	0	0	1	15	362434	362420	4.3	30.2
seq2	scaffold3535_a0.1	100.000	15	0	0	1	15	745356	745370	4.3	30.2
seq2	scaffold303_1.1	100.000	15	0	0	2	16	1661499	1661513	4.3	30.2
seq2	scaffold303_1.1	100.000	15	0	0	2	16	1707442	1707456	4.3	30.2
seq2	scaffold303_1.1	100.000	15	0	0	2	16	1707457	1707443	4.3	30.2
seq2	scaffold303_1.1	100.000	15	0	0	2	16	1728024	1728038	4.3	30.2
seq2	scaffold303_1.1	100.000	15	0	0	2	16	1728039	1728025	4.3	30.2
seq2	scaffold2958_0.1	100.000	15	0	0	2	16	343223	343209	4.3	30.2
seq2	scaffold2006_1.1	100.000	15	0	0	1	15	683410	683424	4.3	30.2
seq2	scaffold18896_0.1	100.000	15	0	0	1	15	81698	81684	4.3	30.2
seq2	scaffold18896_0.1	100.000	15	0	0	1	15	81685	81699	4.3	30.2
seq2	scaffold46_b	100.000	15	0	0	2	16	6347395	6347409	4.3	30.2
seq2	scaffold3718_a	100.000	15	0	0	1	15	4910224	4910210	4.3	30.2
seq2	scaffold3718_a	100.000	15	0	0	1	15	4910211	4910225	4.3	30.2
seq2	scaffold3535_a	100.000	15	0	0	1	15	745356	745370	4.3	30.2
seq2	scaffold2289_b	100.000	15	0	0	2	16	51622	51636	4.3	30.2
seq2	scaffold2289_b	100.000	15	0	0	2	16	51637	51623	4.3	30.2
seq2	scaffold2236_a	100.000	15	0	0	2	16	1054940	1054954	4.3	30.2
seq2	scaffold2236_a	100.000	15	0	0	2	16	1054955	1054941	4.3	30.2
